     1    -6.4     7.3     5    60   -11.5       1043.746460          2.236748          0.000000      0.000000E+00
     2    -2.7     5.6    20    53   -11.4        730.918396          2.454053          0.000000      0.000000E+00
     3    -7.3     2.4     1    40   -10.8        996.555115          2.514897          0.249960      0.000000E+00
     4    -4.9     3.8    11    46   -12.3       1894.391357          2.238982          0.000000      0.000000E+00
     5     2.8     6.5    42    56   -12.0       1353.780151          2.302245          0.000000      0.000000E+00
     6    -1.0     4.0    27    46   -11.5        907.928894          2.518509          0.000000      0.000000E+00
     7    -5.9     0.1     7    31   -10.4        586.427185          0.000000          0.000000      0.405933E-02
     8     2.3     5.4    40    52   -11.5       1292.508789          2.537929          0.543805      0.000000E+00
     9    -4.7     0.6    12    33   -11.7       1820.618774          2.395704          0.428009      0.000000E+00
    10    -2.6     1.9    20    38   -12.0       1913.307007          2.255019          0.000000      0.000000E+00
    11    -0.0     3.5    30    45   -12.0       1633.580200          2.300159          0.000000      0.000000E+00
    12    -3.7     1.0    16    35   -10.6       1302.555542          1.110759          0.000000      0.495036E-03
    13    -1.7     2.1    24    39   -12.3       2159.096436          2.256988          0.000000      0.000000E+00
    14    -0.8     2.7    27    41   -11.9       1545.369751          2.385421          0.000000      0.000000E+00
    15     1.6     3.8    37    46   -10.4        532.692932          2.436749          1.000000      0.000000E+00
    16    -3.7    -0.2    16    30   -11.1       1168.986328          2.643706          0.448175      0.000000E+00
    17    -0.9     1.1    27    35   -10.5        813.417847          2.697269          0.684254      0.000000E+00
    18     0.6     1.9    33    38   -10.8        925.654114          2.713979          0.667495      0.000000E+00
    19    -2.3    -0.1    21    30   -11.2       1446.815674          2.422999          0.329523      0.000000E+00
    20     6.4     4.9    56    50   -10.2        659.622253          1.102434          0.000000      0.108959E-02
    21     2.4     2.4    40    40   -12.1       1832.235229          2.198203          0.000000      0.000000E+00
    22    -4.1    -1.8    14    23   -11.1       1045.204102          2.285918          0.470853      0.000000E+00
    23     4.7     3.5    49    45   -11.4        878.409485          2.431312          0.000000      0.000000E+00
    24    -1.7    -0.6    24    28   -12.7       4202.765625          2.182385          0.000000      0.000000E+00
    25    -1.3    -0.8    25    27   -12.6       4016.352295          2.202776          0.000000      0.000000E+00
    26    -0.0    -0.0    30    30   -10.4       1618.900146          2.338881          0.254525      0.000000E+00
    27    -3.1    -2.1    18    22   -10.8       1043.847046          2.427810          0.343118      0.000000E+00
    28     0.2    -0.2    31    30   -13.0       8155.258789          2.011646          0.000000      0.000000E+00
    29    -0.7    -0.8    28    27   -11.0       1731.561035          1.776364          0.000000      0.454583E-03
    30    -5.1    -3.5    10    16   -11.0        574.375366          2.612989          0.000000      0.000000E+00
    31     0.6    -0.1    33    30   -11.2       1708.227295          2.156585          0.634425      0.000000E+00
    32     3.8     1.7    46    37   -11.2       1643.863770          2.295765          0.366180      0.000000E+00
    33     0.1    -0.7    31    28   -11.0       1398.142822          2.697092          0.427516      0.000000E+00
    34    -1.8    -2.1    23    22   -11.7       1146.909546          2.415137          0.000000      0.000000E+00
    35     0.5    -1.9    32    23   -11.1       1024.641602          2.727275          0.472353      0.000000E+00
    36     3.8     0.0    46    31   -11.9       2062.183350          2.233903          0.982650      0.000000E+00
    37     5.7    -0.1    53    30   -11.5       1902.902710          2.551461          0.435638      0.000000E+00
    38    -7.2    -7.5     2     1   -12.5       1923.737427          2.176712          0.000000      0.000000E+00
    39     0.7    -3.1    33    18   -11.7       1123.016235          2.401048          0.000000      0.000000E+00
    40     6.0    -0.4    54    29   -12.7       5961.577148          1.901023          0.000000      0.000000E+00
    41     6.5    -0.3    57    29   -10.4       1411.548584          2.390448          0.346455      0.000000E+00
    42     5.5    -1.1    52    26   -10.8        858.726440          2.781877          0.751188      0.000000E+00
    43    -1.9    -6.7    23     4   -11.7        955.994446          2.306741          0.000000      0.000000E+00
    44     7.4    -2.0    60    22    -9.9        876.595825          1.621230          0.000000      0.298108E-03
    45     6.8    -2.7    58    20   -10.6        606.930420          2.631489          1.000000      0.000000E+00
    46     3.6    -5.0    45    10   -11.8        965.082458          2.427576          0.000000      0.000000E+00
