       611
 1.250000E+00
 1.253125E+00
 1.256250E+00
 1.259375E+00
 1.262500E+00
 1.265625E+00
 1.268750E+00
 1.271875E+00
 1.275000E+00
 1.278125E+00
 1.281250E+00
 1.287500E+00
 1.293750E+00
 1.300000E+00
 1.306250E+00
 1.312500E+00
 1.318750E+00
 1.325000E+00
 1.331250E+00
 1.337500E+00
 1.343750E+00
 1.350000E+00
 1.356250E+00
 1.362500E+00
 1.368750E+00
 1.375000E+00
 1.381250E+00
 1.387500E+00
 1.393750E+00
 1.400000E+00
 1.406250E+00
 1.412500E+00
 1.418750E+00
 1.425000E+00
 1.431250E+00
 1.437500E+00
 1.443750E+00
 1.450000E+00
 1.456250E+00
 1.462500E+00
 1.468750E+00
 1.475000E+00
 1.481250E+00
 1.487500E+00
 1.493750E+00
 1.500000E+00
 1.506250E+00
 1.512500E+00
 1.518750E+00
 1.525000E+00
 1.531250E+00
 1.537500E+00
 1.543750E+00
 1.550000E+00
 1.556250E+00
 1.562500E+00
 1.568750E+00
 1.575000E+00
 1.581250E+00
 1.587500E+00
 1.593750E+00
 1.600000E+00
 1.606250E+00
 1.612500E+00
 1.618750E+00
 1.625000E+00
 1.631250E+00
 1.637500E+00
 1.643750E+00
 1.650000E+00
 1.656250E+00
 1.662500E+00
 1.668750E+00
 1.675000E+00
 1.681250E+00
 1.687500E+00
 1.693750E+00
 1.700000E+00
 1.706250E+00
 1.712500E+00
 1.718750E+00
 1.725000E+00
 1.731250E+00
 1.737500E+00
 1.743750E+00
 1.750000E+00
 1.756250E+00
 1.762500E+00
 1.768750E+00
 1.775000E+00
 1.781250E+00
 1.787500E+00
 1.793750E+00
 1.800000E+00
 1.806250E+00
 1.812500E+00
 1.818750E+00
 1.825000E+00
 1.831250E+00
 1.837500E+00
 1.843750E+00
 1.850000E+00
 1.856250E+00
 1.862500E+00
 1.868750E+00
 1.875000E+00
 1.881250E+00
 1.887500E+00
 1.893750E+00
 1.900000E+00
 1.906250E+00
 1.912500E+00
 1.918750E+00
 1.925000E+00
 1.931250E+00
 1.937500E+00
 1.943750E+00
 1.950000E+00
 1.956250E+00
 1.962500E+00
 1.968750E+00
 1.975000E+00
 1.981250E+00
 1.987500E+00
 1.993750E+00
 2.000000E+00
 2.006250E+00
 2.012500E+00
 2.018750E+00
 2.025000E+00
 2.031250E+00
 2.037500E+00
 2.043750E+00
 2.050000E+00
 2.056250E+00
 2.062500E+00
 2.068750E+00
 2.075000E+00
 2.081250E+00
 2.087500E+00
 2.093750E+00
 2.100000E+00
 2.106250E+00
 2.112500E+00
 2.118750E+00
 2.125000E+00
 2.131250E+00
 2.137500E+00
 2.143750E+00
 2.150000E+00
 2.156250E+00
 2.162500E+00
 2.168750E+00
 2.175000E+00
 2.181250E+00
 2.187500E+00
 2.193750E+00
 2.200000E+00
 2.206250E+00
 2.212500E+00
 2.218750E+00
 2.225000E+00
 2.231250E+00
 2.237500E+00
 2.243750E+00
 2.250000E+00
 2.256250E+00
 2.262500E+00
 2.268750E+00
 2.275000E+00
 2.281250E+00
 2.287500E+00
 2.293750E+00
 2.300000E+00
 2.306250E+00
 2.312500E+00
 2.318750E+00
 2.325000E+00
 2.331250E+00
 2.337500E+00
 2.343750E+00
 2.350000E+00
 2.356250E+00
 2.362500E+00
 2.368750E+00
 2.375000E+00
 2.381250E+00
 2.387500E+00
 2.393750E+00
 2.400000E+00
 2.406250E+00
 2.412500E+00
 2.418750E+00
 2.425000E+00
 2.431250E+00
 2.437500E+00
 2.443750E+00
 2.450000E+00
 2.456250E+00
 2.462500E+00
 2.468750E+00
 2.475000E+00
 2.481250E+00
 2.487500E+00
 2.493750E+00
 2.500000E+00
 2.506250E+00
 2.512500E+00
 2.518750E+00
 2.525000E+00
 2.531250E+00
 2.537500E+00
 2.543750E+00
 2.550000E+00
 2.556250E+00
 2.562500E+00
 2.568750E+00
 2.575000E+00
 2.581250E+00
 2.587500E+00
 2.593750E+00
 2.600000E+00
 2.606250E+00
 2.612500E+00
 2.618750E+00
 2.625000E+00
 2.631250E+00
 2.637500E+00
 2.643750E+00
 2.650000E+00
 2.656250E+00
 2.662500E+00
 2.668750E+00
 2.675000E+00
 2.681250E+00
 2.687500E+00
 2.693750E+00
 2.700000E+00
 2.706250E+00
 2.712500E+00
 2.718750E+00
 2.725000E+00
 2.731250E+00
 2.737500E+00
 2.743750E+00
 2.750000E+00
 2.756250E+00
 2.762500E+00
 2.768750E+00
 2.775000E+00
 2.781250E+00
 2.787500E+00
 2.793750E+00
 2.800000E+00
 2.806250E+00
 2.812500E+00
 2.818750E+00
 2.825000E+00
 2.831250E+00
 2.837500E+00
 2.843750E+00
 2.850000E+00
 2.856250E+00
 2.862500E+00
 2.868750E+00
 2.875000E+00
 2.881250E+00
 2.887500E+00
 2.893750E+00
 2.900000E+00
 2.906250E+00
 2.912500E+00
 2.918750E+00
 2.925000E+00
 2.931250E+00
 2.937500E+00
 2.943750E+00
 2.950000E+00
 2.956250E+00
 2.962500E+00
 2.968750E+00
 2.975000E+00
 2.981250E+00
 2.987500E+00
 2.993750E+00
 3.000000E+00
 3.006250E+00
 3.012500E+00
 3.018750E+00
 3.025000E+00
 3.031250E+00
 3.037500E+00
 3.043750E+00
 3.050000E+00
 3.056250E+00
 3.062500E+00
 3.068750E+00
 3.075000E+00
 3.081250E+00
 3.087500E+00
 3.093750E+00
 3.100000E+00
 3.106250E+00
 3.112500E+00
 3.118750E+00
 3.125000E+00
 3.131250E+00
 3.137500E+00
 3.143750E+00
 3.150000E+00
 3.156250E+00
 3.162500E+00
 3.168750E+00
 3.175000E+00
 3.181250E+00
 3.187500E+00
 3.193750E+00
 3.200000E+00
 3.206250E+00
 3.212500E+00
 3.218750E+00
 3.225000E+00
 3.231250E+00
 3.237500E+00
 3.243750E+00
 3.250000E+00
 3.256250E+00
 3.262500E+00
 3.268750E+00
 3.275000E+00
 3.281250E+00
 3.287500E+00
 3.293750E+00
 3.300000E+00
 3.306250E+00
 3.312500E+00
 3.318750E+00
 3.325000E+00
 3.331250E+00
 3.337500E+00
 3.343750E+00
 3.350000E+00
 3.356250E+00
 3.362500E+00
 3.368750E+00
 3.375000E+00
 3.381250E+00
 3.387500E+00
 3.393750E+00
 3.400000E+00
 3.406250E+00
 3.412500E+00
 3.418750E+00
 3.425000E+00
 3.431250E+00
 3.437500E+00
 3.443750E+00
 3.450000E+00
 3.456250E+00
 3.462500E+00
 3.468750E+00
 3.475000E+00
 3.481250E+00
 3.487500E+00
 3.493750E+00
 3.500000E+00
 3.506250E+00
 3.512500E+00
 3.518750E+00
 3.525000E+00
 3.531250E+00
 3.537500E+00
 3.543750E+00
 3.550000E+00
 3.556250E+00
 3.562500E+00
 3.568750E+00
 3.575000E+00
 3.581250E+00
 3.587500E+00
 3.593750E+00
 3.600000E+00
 3.606250E+00
 3.612500E+00
 3.618750E+00
 3.625000E+00
 3.631250E+00
 3.637500E+00
 3.643750E+00
 3.650000E+00
 3.656250E+00
 3.662500E+00
 3.668750E+00
 3.675000E+00
 3.681250E+00
 3.687500E+00
 3.693750E+00
 3.700000E+00
 3.706250E+00
 3.712500E+00
 3.718750E+00
 3.725000E+00
 3.731250E+00
 3.737500E+00
 3.743750E+00
 3.750000E+00
 3.756250E+00
 3.762500E+00
 3.768750E+00
 3.775000E+00
 3.781250E+00
 3.787500E+00
 3.793750E+00
 3.800000E+00
 3.806250E+00
 3.812500E+00
 3.818750E+00
 3.825000E+00
 3.831250E+00
 3.837500E+00
 3.843750E+00
 3.850000E+00
 3.856250E+00
 3.862500E+00
 3.868750E+00
 3.875000E+00
 3.881250E+00
 3.887500E+00
 3.893750E+00
 3.900000E+00
 3.906250E+00
 3.912500E+00
 3.918750E+00
 3.925000E+00
 3.931250E+00
 3.937500E+00
 3.943750E+00
 3.950000E+00
 3.956250E+00
 3.962500E+00
 3.968750E+00
 3.975000E+00
 3.981250E+00
 3.987500E+00
 3.993750E+00
 4.000000E+00
 4.006250E+00
 4.012500E+00
 4.018750E+00
 4.025000E+00
 4.031250E+00
 4.037500E+00
 4.043750E+00
 4.050000E+00
 4.056250E+00
 4.062500E+00
 4.068750E+00
 4.075000E+00
 4.081250E+00
 4.087500E+00
 4.093750E+00
 4.100000E+00
 4.106250E+00
 4.112500E+00
 4.118750E+00
 4.125000E+00
 4.131250E+00
 4.137500E+00
 4.143750E+00
 4.150000E+00
 4.156250E+00
 4.162500E+00
 4.168750E+00
 4.175000E+00
 4.181250E+00
 4.187500E+00
 4.193750E+00
 4.200000E+00
 4.206250E+00
 4.212500E+00
 4.218750E+00
 4.228125E+00
 4.237500E+00
 4.246875E+00
 4.256250E+00
 4.265625E+00
 4.275000E+00
 4.284375E+00
 4.293750E+00
 4.303125E+00
 4.312500E+00
 4.325000E+00
 4.337500E+00
 4.350000E+00
 4.362500E+00
 4.375000E+00
 4.387500E+00
 4.400000E+00
 4.412500E+00
 4.425000E+00
 4.437500E+00
 4.450000E+00
 4.462500E+00
 4.475000E+00
 4.487500E+00
 4.500000E+00
 4.512500E+00
 4.525000E+00
 4.537500E+00
 4.550000E+00
 4.562500E+00
 4.575000E+00
 4.587500E+00
 4.600000E+00
 4.612500E+00
 4.625000E+00
 4.637500E+00
 4.650000E+00
 4.662500E+00
 4.675000E+00
 4.687500E+00
 4.700000E+00
 4.712500E+00
 4.725000E+00
 4.737500E+00
 4.750000E+00
 4.762500E+00
 4.775000E+00
 4.787500E+00
 4.800000E+00
 4.812500E+00
 4.825000E+00
 4.837500E+00
 4.850000E+00
 4.862500E+00
 4.875000E+00
 4.887500E+00
 4.900000E+00
 4.912500E+00
 4.925000E+00
 4.937500E+00
 4.950000E+00
 4.962500E+00
 4.975000E+00
 4.987500E+00
 5.000000E+00
 5.012500E+00
 5.025000E+00
 5.037500E+00
 5.050000E+00
 5.062500E+00
 5.075000E+00
 5.087500E+00
 5.100000E+00
 5.112500E+00
 5.125000E+00
 5.137500E+00
 5.150000E+00
 5.162500E+00
 5.175000E+00
 5.187500E+00
 5.200000E+00
 5.212500E+00
 5.225000E+00
 5.237500E+00
 5.250000E+00
 5.262500E+00
 5.275000E+00
 5.287500E+00
 5.300000E+00
 5.312500E+00
 5.325000E+00
 5.337500E+00
 5.350000E+00
 5.362500E+00
 5.375000E+00
 5.387500E+00
 5.400000E+00
 5.412500E+00
 5.425000E+00
 5.437500E+00
 5.450000E+00
 5.462500E+00
 5.475000E+00
 5.487500E+00
 5.500000E+00
 5.512500E+00
 5.525000E+00
 5.537500E+00
 5.550000E+00
 5.562500E+00
 5.575000E+00
 5.587500E+00
 5.600000E+00
 5.612500E+00
 5.625000E+00
 5.637500E+00
 5.650000E+00
 5.662500E+00
 5.675000E+00
 5.687500E+00
 5.693750E+00
 5.700000E+00
 5.706250E+00
 5.712500E+00
 5.718750E+00
 5.725000E+00
 5.731250E+00
 5.737500E+00
 5.743750E+00
 5.750000E+00
 1.250000E+00
 1.253125E+00
 1.256250E+00
 1.259375E+00
 1.262500E+00
 1.265625E+00
 1.268750E+00
 1.271875E+00
 1.275000E+00
 1.278125E+00
 1.281250E+00
 1.287500E+00
 1.293750E+00
 1.300000E+00
 1.306250E+00
 1.312500E+00
 1.318750E+00
 1.325000E+00
 1.331250E+00
 1.337500E+00
 1.343750E+00
 1.350000E+00
 1.356250E+00
 1.362500E+00
 1.368750E+00
 1.375000E+00
 1.381250E+00
 1.387500E+00
 1.393750E+00
 1.400000E+00
 1.406250E+00
 1.412500E+00
 1.418750E+00
 1.425000E+00
 1.431250E+00
 1.437500E+00
 1.443750E+00
 1.450000E+00
 1.456250E+00
 1.462500E+00
 1.468750E+00
 1.475000E+00
 1.481250E+00
 1.487500E+00
 1.493750E+00
 1.500000E+00
 1.506250E+00
 1.512500E+00
 1.518750E+00
 1.525000E+00
 1.531250E+00
 1.537500E+00
 1.543750E+00
 1.550000E+00
 1.556250E+00
 1.562500E+00
 1.568750E+00
 1.575000E+00
 1.581250E+00
 1.587500E+00
 1.593750E+00
 1.600000E+00
 1.606250E+00
 1.612500E+00
 1.618750E+00
 1.625000E+00
 1.631250E+00
 1.637500E+00
 1.643750E+00
 1.650000E+00
 1.656250E+00
 1.662500E+00
 1.668750E+00
 1.675000E+00
 1.681250E+00
 1.687500E+00
 1.693750E+00
 1.700000E+00
 1.706250E+00
 1.712500E+00
 1.718750E+00
 1.725000E+00
 1.731250E+00
 1.737500E+00
 1.743750E+00
 1.750000E+00
 1.756250E+00
 1.762500E+00
 1.768750E+00
 1.775000E+00
 1.781250E+00
 1.787500E+00
 1.793750E+00
 1.800000E+00
 1.806250E+00
 1.812500E+00
 1.818750E+00
 1.825000E+00
 1.831250E+00
 1.837500E+00
 1.843750E+00
 1.850000E+00
 1.856250E+00
 1.862500E+00
 1.868750E+00
 1.875000E+00
 1.881250E+00
 1.887500E+00
 1.893750E+00
 1.900000E+00
 1.906250E+00
 1.912500E+00
 1.918750E+00
 1.925000E+00
 1.931250E+00
 1.937500E+00
 1.943750E+00
 1.950000E+00
 1.956250E+00
 1.962500E+00
 1.968750E+00
 1.975000E+00
 1.981250E+00
 1.987500E+00
 1.993750E+00
 2.000000E+00
 2.006250E+00
 2.012500E+00
 2.018750E+00
 2.025000E+00
 2.031250E+00
 2.037500E+00
 2.043750E+00
 2.050000E+00
 2.056250E+00
 2.062500E+00
 2.068750E+00
 2.075000E+00
 2.081250E+00
 2.087500E+00
 2.093750E+00
 2.100000E+00
 2.106250E+00
 2.112500E+00
 2.118750E+00
 2.125000E+00
 2.131250E+00
 2.137500E+00
 2.143750E+00
 2.150000E+00
 2.156250E+00
 2.162500E+00
 2.168750E+00
 2.175000E+00
 2.181250E+00
 2.187500E+00
 2.193750E+00
 2.200000E+00
 2.206250E+00
 2.212500E+00
 2.218750E+00
 2.225000E+00
 2.231250E+00
 2.237500E+00
 2.243750E+00
 2.250000E+00
 2.256250E+00
 2.262500E+00
 2.268750E+00
 2.275000E+00
 2.281250E+00
 2.287500E+00
 2.293750E+00
 2.300000E+00
 2.306250E+00
 2.312500E+00
 2.318750E+00
 2.325000E+00
 2.331250E+00
 2.337500E+00
 2.343750E+00
 2.350000E+00
 2.356250E+00
 2.362500E+00
 2.368750E+00
 2.375000E+00
 2.381250E+00
 2.387500E+00
 2.393750E+00
 2.400000E+00
 2.406250E+00
 2.412500E+00
 2.418750E+00
 2.425000E+00
 2.431250E+00
 2.437500E+00
 2.443750E+00
 2.450000E+00
 2.456250E+00
 2.462500E+00
 2.468750E+00
 2.475000E+00
 2.481250E+00
 2.487500E+00
 2.493750E+00
 2.500000E+00
 2.506250E+00
 2.512500E+00
 2.518750E+00
 2.525000E+00
 2.531250E+00
 2.537500E+00
 2.543750E+00
 2.550000E+00
 2.556250E+00
 2.562500E+00
 2.568750E+00
 2.575000E+00
 2.581250E+00
 2.587500E+00
 2.593750E+00
 2.600000E+00
 2.606250E+00
 2.612500E+00
 2.618750E+00
 2.625000E+00
 2.631250E+00
 2.637500E+00
 2.643750E+00
 2.650000E+00
 2.656250E+00
 2.662500E+00
 2.668750E+00
 2.675000E+00
 2.681250E+00
 2.687500E+00
 2.693750E+00
 2.700000E+00
 2.706250E+00
 2.712500E+00
 2.718750E+00
 2.725000E+00
 2.731250E+00
 2.737500E+00
 2.743750E+00
 2.750000E+00
 2.756250E+00
 2.762500E+00
 2.768750E+00
 2.775000E+00
 2.781250E+00
 2.787500E+00
 2.793750E+00
 2.800000E+00
 2.806250E+00
 2.812500E+00
 2.818750E+00
 2.825000E+00
 2.831250E+00
 2.837500E+00
 2.843750E+00
 2.850000E+00
 2.856250E+00
 2.862500E+00
 2.868750E+00
 2.875000E+00
 2.881250E+00
 2.887500E+00
 2.893750E+00
 2.900000E+00
 2.906250E+00
 2.912500E+00
 2.918750E+00
 2.925000E+00
 2.931250E+00
 2.937500E+00
 2.943750E+00
 2.950000E+00
 2.956250E+00
 2.962500E+00
 2.968750E+00
 2.975000E+00
 2.981250E+00
 2.987500E+00
 2.993750E+00
 3.000000E+00
 3.006250E+00
 3.012500E+00
 3.018750E+00
 3.025000E+00
 3.031250E+00
 3.037500E+00
 3.043750E+00
 3.050000E+00
 3.056250E+00
 3.062500E+00
 3.068750E+00
 3.075000E+00
 3.081250E+00
 3.087500E+00
 3.093750E+00
 3.100000E+00
 3.106250E+00
 3.112500E+00
 3.118750E+00
 3.125000E+00
 3.131250E+00
 3.137500E+00
 3.143750E+00
 3.150000E+00
 3.156250E+00
 3.162500E+00
 3.168750E+00
 3.175000E+00
 3.181250E+00
 3.187500E+00
 3.193750E+00
 3.200000E+00
 3.206250E+00
 3.212500E+00
 3.218750E+00
 3.225000E+00
 3.231250E+00
 3.237500E+00
 3.243750E+00
 3.250000E+00
 3.256250E+00
 3.262500E+00
 3.268750E+00
 3.275000E+00
 3.281250E+00
 3.287500E+00
 3.293750E+00
 3.300000E+00
 3.306250E+00
 3.312500E+00
 3.318750E+00
 3.325000E+00
 3.331250E+00
 3.337500E+00
 3.343750E+00
 3.350000E+00
 3.356250E+00
 3.362500E+00
 3.368750E+00
 3.375000E+00
 3.381250E+00
 3.387500E+00
 3.393750E+00
 3.400000E+00
 3.406250E+00
 3.412500E+00
 3.418750E+00
 3.425000E+00
 3.431250E+00
 3.437500E+00
 3.443750E+00
 3.450000E+00
 3.456250E+00
 3.462500E+00
 3.468750E+00
 3.475000E+00
 3.481250E+00
 3.487500E+00
 3.493750E+00
 3.500000E+00
 3.506250E+00
 3.512500E+00
 3.518750E+00
 3.525000E+00
 3.531250E+00
 3.537500E+00
 3.543750E+00
 3.550000E+00
 3.556250E+00
 3.562500E+00
 3.568750E+00
 3.575000E+00
 3.581250E+00
 3.587500E+00
 3.593750E+00
 3.600000E+00
 3.606250E+00
 3.612500E+00
 3.618750E+00
 3.625000E+00
 3.631250E+00
 3.637500E+00
 3.643750E+00
 3.650000E+00
 3.656250E+00
 3.662500E+00
 3.668750E+00
 3.675000E+00
 3.681250E+00
 3.687500E+00
 3.693750E+00
 3.700000E+00
 3.706250E+00
 3.712500E+00
 3.718750E+00
 3.725000E+00
 3.731250E+00
 3.737500E+00
 3.743750E+00
 3.750000E+00
 3.756250E+00
 3.762500E+00
 3.768750E+00
 3.775000E+00
 3.781250E+00
 3.787500E+00
 3.793750E+00
 3.800000E+00
 3.806250E+00
 3.812500E+00
 3.818750E+00
 3.825000E+00
 3.831250E+00
 3.837500E+00
 3.843750E+00
 3.850000E+00
 3.856250E+00
 3.862500E+00
 3.868750E+00
 3.875000E+00
 3.881250E+00
 3.887500E+00
 3.893750E+00
 3.900000E+00
 3.906250E+00
 3.912500E+00
 3.918750E+00
 3.925000E+00
 3.931250E+00
 3.937500E+00
 3.943750E+00
 3.950000E+00
 3.956250E+00
 3.962500E+00
 3.968750E+00
 3.975000E+00
 3.981250E+00
 3.987500E+00
 3.993750E+00
 4.000000E+00
 4.006250E+00
 4.012500E+00
 4.018750E+00
 4.025000E+00
 4.031250E+00
 4.037500E+00
 4.043750E+00
 4.050000E+00
 4.056250E+00
 4.062500E+00
 4.068750E+00
 4.075000E+00
 4.081250E+00
 4.087500E+00
 4.093750E+00
 4.100000E+00
 4.106250E+00
 4.112500E+00
 4.118750E+00
 4.125000E+00
 4.131250E+00
 4.137500E+00
 4.143750E+00
 4.150000E+00
 4.156250E+00
 4.162500E+00
 4.168750E+00
 4.175000E+00
 4.181250E+00
 4.187500E+00
 4.193750E+00
 4.200000E+00
 4.206250E+00
 4.212500E+00
 4.218750E+00
 4.228125E+00
 4.237500E+00
 4.246875E+00
 4.256250E+00
 4.265625E+00
 4.275000E+00
 4.284375E+00
 4.293750E+00
 4.303125E+00
 4.312500E+00
 4.325000E+00
 4.337500E+00
 4.350000E+00
 4.362500E+00
 4.375000E+00
 4.387500E+00
 4.400000E+00
 4.412500E+00
 4.425000E+00
 4.437500E+00
 4.450000E+00
 4.462500E+00
 4.475000E+00
 4.487500E+00
 4.500000E+00
 4.512500E+00
 4.525000E+00
 4.537500E+00
 4.550000E+00
 4.562500E+00
 4.575000E+00
 4.587500E+00
 4.600000E+00
 4.612500E+00
 4.625000E+00
 4.637500E+00
 4.650000E+00
 4.662500E+00
 4.675000E+00
 4.687500E+00
 4.700000E+00
 4.712500E+00
 4.725000E+00
 4.737500E+00
 4.750000E+00
 4.762500E+00
 4.775000E+00
 4.787500E+00
 4.800000E+00
 4.812500E+00
 4.825000E+00
 4.837500E+00
 4.850000E+00
 4.862500E+00
 4.875000E+00
 4.887500E+00
 4.900000E+00
 4.912500E+00
 4.925000E+00
 4.937500E+00
 4.950000E+00
 4.962500E+00
 4.975000E+00
 4.987500E+00
 5.000000E+00
 5.012500E+00
 5.025000E+00
 5.037500E+00
 5.050000E+00
 5.062500E+00
 5.075000E+00
 5.087500E+00
 5.100000E+00
 5.112500E+00
 5.125000E+00
 5.137500E+00
 5.150000E+00
 5.162500E+00
 5.175000E+00
 5.187500E+00
 5.200000E+00
 5.212500E+00
 5.225000E+00
 5.237500E+00
 5.250000E+00
 5.262500E+00
 5.275000E+00
 5.287500E+00
 5.300000E+00
 5.312500E+00
 5.325000E+00
 5.337500E+00
 5.350000E+00
 5.362500E+00
 5.375000E+00
 5.387500E+00
 5.400000E+00
 5.412500E+00
 5.425000E+00
 5.437500E+00
 5.450000E+00
 5.462500E+00
 5.475000E+00
 5.487500E+00
 5.500000E+00
 5.512500E+00
 5.525000E+00
 5.537500E+00
 5.550000E+00
 5.562500E+00
 5.575000E+00
 5.587500E+00
 5.600000E+00
 5.612500E+00
 5.625000E+00
 5.637500E+00
 5.650000E+00
 5.662500E+00
 5.675000E+00
 5.687500E+00
 5.693750E+00
 5.700000E+00
 5.706250E+00
 5.712500E+00
 5.718750E+00
 5.725000E+00
 5.731250E+00
 5.737500E+00
 5.743750E+00
 5.750000E+00
 8.962955E-03
 8.657077E-03
 8.427658E-03
 8.270220E-03
 8.181944E-03
 8.160100E-03
 8.202173E-03
 8.305654E-03
 8.468303E-03
 8.687634E-03
 8.962955E-03
 9.709634E-03
 1.065727E-02
 1.177902E-02
 1.305050E-02
 1.444847E-02
 1.594980E-02
 1.753217E-02
 1.917188E-02
 2.084567E-02
 2.253042E-02
 2.421185E-02
 2.590926E-02
 2.764686E-02
 2.944997E-02
 3.134438E-02
 3.335569E-02
 3.551014E-02
 3.783429E-02
 4.035322E-02
 4.309308E-02
 4.608440E-02
 4.937112E-02
 5.300222E-02
 5.702685E-02
 6.149366E-02
 6.645181E-02
 7.195055E-02
 7.803772E-02
 8.476152E-02
 9.217290E-02
 1.003204E-01
 1.092208E-01
 1.188888E-01
 1.293408E-01
 1.405917E-01
 1.526578E-01
 1.655543E-01
 1.792972E-01
 1.939026E-01
 2.093866E-01
 2.257712E-01
 2.430978E-01
 2.614130E-01
 2.807641E-01
 3.011988E-01
 3.227645E-01
 3.455087E-01
 3.694778E-01
 3.947186E-01
 4.212788E-01
 4.492176E-01
 4.786302E-01
 5.096233E-01
 5.423035E-01
 5.767981E-01
 6.131513E-01
 6.515321E-01
 6.920271E-01
 7.347416E-01
 7.797834E-01
 8.272423E-01
 8.771505E-01
 9.295232E-01
 9.843752E-01
 1.041723E+00
 1.101583E+00
 1.163969E+00
 1.228898E+00
 1.296384E+00
 1.366444E+00
 1.439097E+00
 1.514380E+00
 1.592337E+00
 1.673001E+00
 1.756419E+00
 1.842632E+00
 1.931679E+00
 2.023602E+00
 2.118442E+00
 2.216240E+00
 2.316996E+00
 2.420544E+00
 2.526685E+00
 2.635216E+00
 2.745933E+00
 2.858632E+00
 2.973109E+00
 3.089161E+00
 3.206584E+00
 3.325180E+00
 3.444757E+00
 3.565224E+00
 3.686501E+00
 3.808514E+00
 3.933705E+00
 4.054438E+00
 4.178197E+00
 4.302267E+00
 4.426796E+00
 4.551737E+00
 4.676659E+00
 4.802050E+00
 4.927917E+00
 5.054472E+00
 5.181668E+00
 5.309743E+00
 5.438830E+00
 5.569065E+00
 5.700585E+00
 5.833523E+00
 5.967950E+00
 6.103668E+00
 6.240395E+00
 6.377818E+00
 6.515806E+00
 6.653950E+00
 6.792019E+00
 6.929752E+00
 7.066875E+00
 7.203115E+00
 7.338261E+00
 7.472336E+00
 7.605421E+00
 7.737596E+00
 7.868944E+00
 7.999543E+00
 8.129430E+00
 8.258795E+00
 8.387654E+00
 8.516087E+00
 8.644138E+00
 8.771734E+00
 8.894888E+00
 9.024990E+00
 9.150399E+00
 9.274848E+00
 9.398258E+00
 9.520415E+00
 9.641232E+00
 9.760583E+00
 9.878274E+00
 9.994630E+00
 1.010942E+01
 1.022280E+01
 1.033484E+01
 1.044560E+01
 1.055511E+01
 1.066347E+01
 1.077073E+01
 1.087695E+01
 1.098214E+01
 1.108610E+01
 1.118859E+01
 1.129312E+01
 1.138817E+01
 1.148476E+01
 1.157895E+01
 1.167037E+01
 1.175879E+01
 1.184407E+01
 1.192605E+01
 1.200520E+01
 1.208214E+01
 1.215749E+01
 1.223186E+01
 1.230588E+01
 1.238015E+01
 1.245531E+01
 1.253196E+01
 1.261072E+01
 1.269203E+01
 1.277557E+01
 1.286085E+01
 1.294737E+01
 1.303475E+01
 1.312227E+01
 1.320954E+01
 1.329607E+01
 1.338119E+01
 1.346472E+01
 1.354616E+01
 1.362574E+01
 1.370381E+01
 1.378076E+01
 1.385694E+01
 1.393273E+01
 1.400850E+01
 1.408460E+01
 1.416142E+01
 1.423931E+01
 1.431850E+01
 1.439861E+01
 1.447896E+01
 1.455903E+01
 1.463827E+01
 1.471615E+01
 1.479203E+01
 1.486533E+01
 1.493553E+01
 1.500203E+01
 1.506447E+01
 1.512329E+01
 1.517914E+01
 1.523267E+01
 1.528452E+01
 1.533532E+01
 1.538574E+01
 1.543646E+01
 1.548804E+01
 1.554113E+01
 1.559626E+01
 1.565307E+01
 1.571103E+01
 1.576963E+01
 1.582833E+01
 1.588663E+01
 1.594398E+01
 1.599988E+01
 1.605380E+01
 1.610523E+01
 1.615361E+01
 1.619989E+01
 1.624469E+01
 1.628819E+01
 1.633129E+01
 1.637465E+01
 1.641894E+01
 1.646480E+01
 1.651289E+01
 1.656378E+01
 1.661814E+01
 1.667503E+01
 1.673370E+01
 1.679300E+01
 1.685222E+01
 1.691035E+01
 1.696649E+01
 1.701970E+01
 1.706908E+01
 1.711370E+01
 1.715294E+01
 1.718746E+01
 1.721820E+01
 1.724613E+01
 1.727221E+01
 1.729749E+01
 1.732268E+01
 1.734899E+01
 1.737728E+01
 1.740854E+01
 1.744347E+01
 1.748173E+01
 1.752280E+01
 1.756606E+01
 1.761103E+01
 1.765712E+01
 1.770375E+01
 1.775040E+01
 1.779645E+01
 1.784137E+01
 1.788475E+01
 1.792676E+01
 1.796771E+01
 1.800794E+01
 1.804776E+01
 1.808752E+01
 1.812750E+01
 1.816806E+01
 1.820950E+01
 1.825214E+01
 1.829618E+01
 1.834124E+01
 1.838680E+01
 1.843235E+01
 1.847739E+01
 1.852140E+01
 1.856386E+01
 1.860427E+01
 1.864212E+01
 1.867688E+01
 1.870816E+01
 1.873592E+01
 1.876026E+01
 1.878124E+01
 1.879893E+01
 1.881357E+01
 1.890882E+01
 1.883318E+01
 1.883859E+01
 1.884110E+01
 1.884091E+01
 1.883861E+01
 1.883488E+01
 1.883040E+01
 1.882588E+01
 1.882198E+01
 1.881941E+01
 1.881884E+01
 1.882097E+01
 1.882648E+01
 1.877900E+01
 1.884834E+01
 1.886322E+01
 1.887963E+01
 1.889667E+01
 1.891353E+01
 1.892930E+01
 1.894314E+01
 1.895422E+01
 1.896168E+01
 1.898994E+01
 1.896395E+01
 1.895930E+01
 1.895128E+01
 1.894037E+01
 1.892672E+01
 1.891090E+01
 1.889323E+01
 1.887409E+01
 1.885384E+01
 1.883293E+01
 1.881201E+01
 1.879179E+01
 1.877298E+01
 1.875630E+01
 1.874247E+01
 1.873220E+01
 1.872621E+01
 1.872518E+01
 1.872985E+01
 1.874057E+01
 1.875626E+01
 1.877551E+01
 1.879688E+01
 1.881894E+01
 1.884028E+01
 1.885945E+01
 1.887505E+01
 1.888556E+01
 1.888966E+01
 1.888627E+01
 1.887629E+01
 1.886060E+01
 1.884043E+01
 1.881692E+01
 1.879121E+01
 1.876441E+01
 1.873766E+01
 1.871212E+01
 1.868890E+01
 1.866891E+01
 1.865209E+01
 1.863814E+01
 1.862678E+01
 1.861770E+01
 1.861062E+01
 1.860525E+01
 1.860128E+01
 1.859843E+01
 1.859641E+01
 1.859493E+01
 1.859379E+01
 1.859277E+01
 1.859165E+01
 1.859023E+01
 1.858813E+01
 1.858564E+01
 1.858207E+01
 1.857736E+01
 1.857127E+01
 1.856366E+01
 1.855447E+01
 1.854367E+01
 1.853121E+01
 1.851708E+01
 1.850124E+01
 1.848367E+01
 1.846429E+01
 1.844313E+01
 1.842014E+01
 1.839568E+01
 1.836959E+01
 1.834348E+01
 1.831786E+01
 1.829350E+01
 1.827118E+01
 1.825169E+01
 1.823581E+01
 1.822432E+01
 1.821801E+01
 1.821742E+01
 1.822198E+01
 1.823090E+01
 1.824342E+01
 1.825873E+01
 1.827605E+01
 1.829459E+01
 1.831357E+01
 1.833217E+01
 1.834959E+01
 1.836533E+01
 1.837938E+01
 1.839206E+01
 1.840366E+01
 1.841444E+01
 1.842453E+01
 1.843468E+01
 1.844470E+01
 1.845504E+01
 1.846597E+01
 1.847763E+01
 1.848958E+01
 1.850124E+01
 1.851203E+01
 1.852154E+01
 1.852866E+01
 1.853335E+01
 1.853484E+01
 1.853258E+01
 1.852593E+01
 1.851465E+01
 1.849964E+01
 1.848214E+01
 1.846334E+01
 1.844453E+01
 1.842687E+01
 1.841161E+01
 1.839997E+01
 1.839316E+01
 1.839241E+01
 1.839861E+01
 1.841129E+01
 1.842966E+01
 1.845291E+01
 1.848024E+01
 1.851085E+01
 1.854396E+01
 1.857875E+01
 1.861443E+01
 1.865018E+01
 1.868526E+01
 1.871905E+01
 1.875096E+01
 1.878040E+01
 1.880680E+01
 1.882957E+01
 1.884813E+01
 1.886189E+01
 1.887028E+01
 1.887270E+01
 1.886888E+01
 1.885969E+01
 1.884634E+01
 1.883002E+01
 1.881191E+01
 1.879320E+01
 1.877510E+01
 1.875877E+01
 1.874542E+01
 1.873622E+01
 1.873207E+01
 1.873258E+01
 1.873713E+01
 1.874466E+01
 1.875534E+01
 1.876775E+01
 1.878140E+01
 1.879566E+01
 1.880982E+01
 1.882321E+01
 1.884089E+01
 1.885624E+01
 1.887018E+01
 1.888364E+01
 1.889758E+01
 1.891263E+01
 1.893052E+01
 1.895144E+01
 1.897655E+01
 1.900678E+01
 1.905609E+01
 1.911479E+01
 1.918153E+01
 1.925492E+01
 1.933359E+01
 1.941619E+01
 1.950133E+01
 1.958764E+01
 1.967373E+01
 1.975828E+01
 1.984012E+01
 1.991907E+01
 1.999518E+01
 2.006849E+01
 2.013905E+01
 2.020690E+01
 2.027210E+01
 2.033468E+01
 2.039470E+01
 2.045220E+01
 2.050714E+01
 2.055911E+01
 2.060765E+01
 2.065225E+01
 2.069245E+01
 2.072776E+01
 2.075766E+01
 2.078170E+01
 2.079938E+01
 2.081022E+01
 2.081382E+01
 2.081162E+01
 2.080383E+01
 2.079205E+01
 2.077723E+01
 2.076046E+01
 2.074280E+01
 2.072533E+01
 2.070913E+01
 2.069527E+01
 2.068452E+01
 2.067649E+01
 2.067052E+01
 2.066593E+01
 2.066202E+01
 2.065813E+01
 2.065357E+01
 2.064770E+01
 2.063975E+01
 2.062916E+01
 2.061538E+01
 2.059886E+01
 2.058029E+01
 2.056009E+01
 2.053951E+01
 2.051864E+01
 2.049830E+01
 2.047915E+01
 2.046186E+01
 2.044706E+01
 2.043520E+01
 2.042583E+01
 2.041828E+01
 2.041187E+01
 2.040594E+01
 2.039984E+01
 2.039288E+01
 2.038441E+01
 2.037373E+01
 2.036019E+01
 2.034330E+01
 2.032323E+01
 2.030038E+01
 2.027492E+01
 2.024738E+01
 2.021805E+01
 2.018726E+01
 2.015536E+01
 2.012270E+01
 2.008963E+01
 2.005641E+01
 2.002300E+01
 1.998926E+01
 1.995506E+01
 1.992026E+01
 1.988476E+01
 1.984840E+01
 1.981107E+01
 1.977263E+01
 1.973295E+01
 1.969186E+01
 1.964900E+01
 1.960400E+01
 1.955643E+01
 1.950590E+01
 1.945203E+01
 1.939442E+01
 1.933265E+01
 1.926636E+01
 1.919516E+01
 1.911894E+01
 1.903922E+01
 1.895771E+01
 1.887620E+01
 1.879646E+01
 1.872025E+01
 1.864936E+01
 1.858556E+01
 1.853061E+01
 1.848630E+01
 1.846869E+01
 1.845440E+01
 1.844365E+01
 1.843667E+01
 1.843368E+01
 1.843490E+01
 1.844055E+01
 1.845085E+01
 1.846603E+01
 1.848630E+01
 3.270460E-03
 3.202077E-03
 3.144794E-03
 3.098765E-03
 3.065510E-03
 3.047161E-03
 3.046091E-03
 3.064920E-03
 3.106457E-03
 3.173702E-03
 3.270460E-03
 3.572102E-03
 4.022908E-03
 4.636698E-03
 5.431066E-03
 6.421406E-03
 7.623910E-03
 9.054882E-03
 1.073294E-02
 1.267831E-02
 1.491481E-02
 1.746856E-02
 2.033091E-02
 2.348964E-02
 2.693569E-02
 3.066020E-02
 3.465501E-02
 3.891377E-02
 4.342833E-02
 4.819658E-02
 5.320633E-02
 5.845757E-02
 6.398669E-02
 6.983706E-02
 7.605304E-02
 8.267911E-02
 8.975969E-02
 9.733940E-02
 1.054626E-01
 1.141726E-01
 1.235151E-01
 1.335230E-01
 1.441868E-01
 1.554869E-01
 1.674040E-01
 1.799189E-01
 1.930120E-01
 2.066633E-01
 2.208531E-01
 2.355619E-01
 2.507700E-01
 2.664787E-01
 2.827669E-01
 2.997575E-01
 3.175538E-01
 3.362516E-01
 3.559640E-01
 3.767984E-01
 3.988616E-01
 4.222609E-01
 4.471023E-01
 4.734585E-01
 5.012565E-01
 5.303911E-01
 5.607550E-01
 5.922415E-01
 6.247446E-01
 6.581566E-01
 6.923691E-01
 7.272740E-01
 7.627642E-01
 7.987736E-01
 8.353883E-01
 8.727312E-01
 9.109245E-01
 9.500913E-01
 9.903561E-01
 1.031841E+00
 1.074671E+00
 1.118968E+00
 1.164855E+00
 1.212460E+00
 1.261924E+00
 1.313394E+00
 1.367019E+00
 1.422942E+00
 1.481311E+00
 1.542273E+00
 1.605972E+00
 1.672558E+00
 1.742175E+00
 1.814920E+00
 1.890682E+00
 1.969303E+00
 2.050621E+00
 2.134479E+00
 2.220717E+00
 2.309176E+00
 2.399695E+00
 2.492115E+00
 2.586276E+00
 2.682046E+00
 2.779408E+00
 2.878369E+00
 2.978938E+00
 3.081125E+00
 3.184938E+00
 3.290387E+00
 3.397479E+00
 3.506226E+00
 3.616635E+00
 3.728731E+00
 3.842604E+00
 3.958351E+00
 4.076081E+00
 4.195897E+00
 4.317902E+00
 4.442200E+00
 4.568895E+00
 4.698088E+00
 4.829884E+00
 4.964322E+00
 5.101176E+00
 5.240155E+00
 5.380968E+00
 5.523323E+00
 5.666932E+00
 5.811503E+00
 5.956746E+00
 6.102368E+00
 6.248083E+00
 6.393640E+00
 6.538987E+00
 6.684114E+00
 6.829010E+00
 6.973672E+00
 7.118088E+00
 7.262249E+00
 7.405913E+00
 7.549767E+00
 7.693106E+00
 7.836145E+00
 7.978840E+00
 8.121135E+00
 8.262976E+00
 8.404312E+00
 8.545116E+00
 8.685250E+00
 8.824745E+00
 8.963519E+00
 9.101523E+00
 9.238638E+00
 9.374509E+00
 9.508720E+00
 9.640946E+00
 9.770587E+00
 9.897223E+00
 1.002062E+01
 1.014028E+01
 1.025578E+01
 1.036670E+01
 1.047280E+01
 1.057446E+01
 1.067229E+01
 1.076687E+01
 1.085877E+01
 1.094856E+01
 1.103683E+01
 1.112416E+01
 1.121112E+01
 1.129828E+01
 1.138611E+01
 1.147447E+01
 1.156313E+01
 1.165186E+01
 1.174040E+01
 1.182851E+01
 1.191596E+01
 1.200249E+01
 1.208787E+01
 1.217185E+01
 1.225426E+01
 1.233544E+01
 1.241502E+01
 1.249380E+01
 1.257179E+01
 1.264922E+01
 1.272630E+01
 1.280324E+01
 1.288026E+01
 1.295758E+01
 1.303533E+01
 1.311360E+01
 1.319240E+01
 1.327165E+01
 1.335136E+01
 1.343148E+01
 1.351204E+01
 1.359302E+01
 1.367440E+01
 1.375617E+01
 1.383829E+01
 1.392059E+01
 1.400289E+01
 1.408499E+01
 1.416671E+01
 1.421787E+01
 1.432823E+01
 1.440766E+01
 1.448594E+01
 1.456289E+01
 1.463838E+01
 1.471250E+01
 1.478542E+01
 1.485731E+01
 1.492632E+01
 1.499864E+01
 1.506836E+01
 1.513771E+01
 1.520683E+01
 1.527589E+01
 1.534498E+01
 1.541403E+01
 1.548288E+01
 1.555139E+01
 1.561941E+01
 1.568681E+01
 1.575344E+01
 1.581916E+01
 1.588381E+01
 1.594726E+01
 1.600935E+01
 1.606995E+01
 1.612906E+01
 1.618604E+01
 1.624123E+01
 1.629431E+01
 1.634513E+01
 1.639355E+01
 1.643941E+01
 1.648257E+01
 1.652296E+01
 1.656093E+01
 1.659694E+01
 1.663141E+01
 1.666479E+01
 1.669752E+01
 1.673005E+01
 1.676282E+01
 1.679627E+01
 1.683085E+01
 1.686688E+01
 1.690431E+01
 1.694290E+01
 1.698247E+01
 1.702272E+01
 1.706378E+01
 1.710515E+01
 1.714672E+01
 1.720458E+01
 1.724434E+01
 1.728298E+01
 1.731160E+01
 1.735227E+01
 1.739292E+01
 1.743366E+01
 1.747460E+01
 1.751586E+01
 1.755756E+01
 1.759980E+01
 1.764272E+01
 1.768633E+01
 1.773039E+01
 1.777455E+01
 1.781884E+01
 1.786176E+01
 1.790414E+01
 1.794523E+01
 1.798469E+01
 1.802090E+01
 1.805735E+01
 1.808997E+01
 1.812021E+01
 1.814836E+01
 1.817470E+01
 1.819949E+01
 1.822331E+01
 1.824557E+01
 1.826742E+01
 1.828885E+01
 1.831015E+01
 1.833148E+01
 1.835258E+01
 1.837306E+01
 1.839252E+01
 1.841062E+01
 1.843080E+01
 1.843448E+01
 1.845289E+01
 1.846168E+01
 1.846723E+01
 1.846924E+01
 1.846796E+01
 1.846374E+01
 1.845705E+01
 1.844808E+01
 1.843726E+01
 1.842494E+01
 1.841149E+01
 1.839727E+01
 1.838265E+01
 1.836802E+01
 1.835402E+01
 1.834130E+01
 1.833052E+01
 1.832235E+01
 1.831745E+01
 1.827931E+01
 1.832049E+01
 1.832940E+01
 1.834422E+01
 1.846211E+01
 1.839044E+01
 1.841801E+01
 1.844567E+01
 1.847128E+01
 1.849262E+01
 1.850761E+01
 1.851401E+01
 1.850971E+01
 1.849253E+01
 1.846118E+01
 1.841776E+01
 1.836525E+01
 1.830661E+01
 1.824481E+01
 1.818281E+01
 1.812358E+01
 1.807011E+01
 1.802534E+01
 1.799211E+01
 1.797280E+01
 1.796613E+01
 1.797030E+01
 1.798286E+01
 1.800199E+01
 1.802568E+01
 1.805191E+01
 1.807866E+01
 1.810392E+01
 1.812564E+01
 1.814223E+01
 1.815360E+01
 1.816001E+01
 1.816202E+01
 1.815970E+01
 1.815348E+01
 1.814367E+01
 1.813059E+01
 1.811457E+01
 1.809593E+01
 1.807510E+01
 1.805287E+01
 1.803012E+01
 1.800775E+01
 1.798665E+01
 1.796768E+01
 1.795178E+01
 1.793981E+01
 1.793267E+01
 1.793125E+01
 1.793614E+01
 1.794679E+01
 1.796232E+01
 1.798189E+01
 1.800458E+01
 1.802966E+01
 1.805616E+01
 1.808326E+01
 1.811010E+01
 1.813587E+01
 1.818240E+01
 1.818146E+01
 1.820106E+01
 1.821836E+01
 1.823327E+01
 1.824570E+01
 1.825550E+01
 1.826257E+01
 1.826684E+01
 1.826820E+01
 1.826668E+01
 1.826254E+01
 1.825755E+01
 1.825144E+01
 1.824530E+01
 1.823987E+01
 1.823590E+01
 1.823414E+01
 1.823535E+01
 1.824026E+01
 1.824947E+01
 1.826300E+01
 1.828071E+01
 1.830246E+01
 1.832809E+01
 1.835750E+01
 1.839056E+01
 1.842710E+01
 1.846698E+01
 1.851007E+01
 1.855622E+01
 1.860519E+01
 1.865671E+01
 1.871052E+01
 1.876638E+01
 1.882398E+01
 1.888308E+01
 1.894343E+01
 1.900476E+01
 1.906680E+01
 1.912930E+01
 1.919192E+01
 1.925435E+01
 1.931626E+01
 1.937732E+01
 1.943722E+01
 1.949561E+01
 1.955219E+01
 1.960661E+01
 1.965857E+01
 1.970781E+01
 1.975437E+01
 1.979841E+01
 1.984007E+01
 1.987947E+01
 1.991672E+01
 1.995207E+01
 1.998555E+01
 2.001732E+01
 2.004754E+01
 2.007645E+01
 2.010481E+01
 2.013350E+01
 2.016339E+01
 2.019535E+01
 2.023027E+01
 2.026903E+01
 2.031251E+01
 2.036158E+01
 2.041711E+01
 2.047954E+01
 2.054806E+01
 2.062107E+01
 2.069725E+01
 2.077519E+01
 2.085352E+01
 2.093082E+01
 2.100571E+01
 2.106977E+01
 2.114269E+01
 2.120228E+01
 2.125563E+01
 2.130310E+01
 2.134504E+01
 2.138159E+01
 2.141376E+01
 2.144121E+01
 2.146458E+01
 2.148418E+01
 2.150040E+01
 2.151363E+01
 2.152452E+01
 2.153373E+01
 2.154196E+01
 2.154993E+01
 2.155834E+01
 2.156785E+01
 2.157918E+01
 2.159302E+01
 2.161006E+01
 2.164249E+01
 2.168220E+01
 2.172759E+01
 2.177718E+01
 2.182943E+01
 2.188282E+01
 2.193588E+01
 2.198706E+01
 2.203484E+01
 2.207770E+01
 2.212541E+01
 2.216341E+01
 2.219351E+01
 2.221746E+01
 2.223708E+01
 2.225416E+01
 2.227046E+01
 2.228778E+01
 2.230788E+01
 2.233256E+01
 2.236301E+01
 2.239811E+01
 2.243616E+01
 2.247545E+01
 2.251429E+01
 2.255095E+01
 2.258373E+01
 2.261095E+01
 2.263088E+01
 2.264183E+01
 2.264266E+01
 2.263454E+01
 2.261920E+01
 2.259837E+01
 2.257377E+01
 2.254716E+01
 2.252024E+01
 2.249476E+01
 2.247246E+01
 2.245507E+01
 2.244386E+01
 2.243798E+01
 2.243756E+01
 2.244056E+01
 2.244616E+01
 2.245411E+01
 2.246275E+01
 2.247136E+01
 2.247900E+01
 2.248472E+01
 2.248761E+01
 2.248733E+01
 2.248336E+01
 2.247538E+01
 2.246300E+01
 2.244583E+01
 2.242350E+01
 2.239562E+01
 2.236156E+01
 2.232170E+01
 2.227487E+01
 2.222313E+01
 2.216681E+01
 2.210740E+01
 2.204607E+01
 2.198411E+01
 2.192265E+01
 2.186288E+01
 2.180601E+01
 2.175325E+01
 2.170539E+01
 2.166159E+01
 2.162060E+01
 2.158116E+01
 2.154204E+01
 2.150197E+01
 2.145971E+01
 2.141401E+01
 2.136363E+01
 2.130730E+01
 2.124420E+01
 2.117516E+01
 2.110146E+01
 2.102435E+01
 2.094509E+01
 2.086495E+01
 2.078518E+01
 2.070706E+01
 2.063184E+01
 2.056078E+01
 2.049477E+01
 2.043315E+01
 2.037488E+01
 2.031894E+01
 2.026427E+01
 2.020986E+01
 2.015467E+01
 2.009767E+01
 2.003768E+01
 1.997396E+01
 1.990561E+01
 1.983235E+01
 1.975438E+01
 1.967184E+01
 1.958483E+01
 1.949346E+01
 1.939784E+01
 1.929809E+01
 1.919433E+01
 1.908666E+01
 1.897553E+01
 1.888534E+01
 1.874981E+01
 1.863919E+01
 1.853278E+01
 1.843237E+01
 1.834012E+01
 1.825797E+01
 1.818789E+01
 1.815449E+01
 1.813240E+01
 1.811457E+01
 1.807849E+01
 1.806988E+01
 1.806626E+01
 1.806789E+01
 1.807502E+01
 1.808789E+01
 1.812945E+01
 1.815449E+01
