       611
 1.250000E+00
 1.253125E+00
 1.256250E+00
 1.259375E+00
 1.262500E+00
 1.265625E+00
 1.268750E+00
 1.271875E+00
 1.275000E+00
 1.278125E+00
 1.281250E+00
 1.287500E+00
 1.293750E+00
 1.300000E+00
 1.306250E+00
 1.312500E+00
 1.318750E+00
 1.325000E+00
 1.331250E+00
 1.337500E+00
 1.343750E+00
 1.350000E+00
 1.356250E+00
 1.362500E+00
 1.368750E+00
 1.375000E+00
 1.381250E+00
 1.387500E+00
 1.393750E+00
 1.400000E+00
 1.406250E+00
 1.412500E+00
 1.418750E+00
 1.425000E+00
 1.431250E+00
 1.437500E+00
 1.443750E+00
 1.450000E+00
 1.456250E+00
 1.462500E+00
 1.468750E+00
 1.475000E+00
 1.481250E+00
 1.487500E+00
 1.493750E+00
 1.500000E+00
 1.506250E+00
 1.512500E+00
 1.518750E+00
 1.525000E+00
 1.531250E+00
 1.537500E+00
 1.543750E+00
 1.550000E+00
 1.556250E+00
 1.562500E+00
 1.568750E+00
 1.575000E+00
 1.581250E+00
 1.587500E+00
 1.593750E+00
 1.600000E+00
 1.606250E+00
 1.612500E+00
 1.618750E+00
 1.625000E+00
 1.631250E+00
 1.637500E+00
 1.643750E+00
 1.650000E+00
 1.656250E+00
 1.662500E+00
 1.668750E+00
 1.675000E+00
 1.681250E+00
 1.687500E+00
 1.693750E+00
 1.700000E+00
 1.706250E+00
 1.712500E+00
 1.718750E+00
 1.725000E+00
 1.731250E+00
 1.737500E+00
 1.743750E+00
 1.750000E+00
 1.756250E+00
 1.762500E+00
 1.768750E+00
 1.775000E+00
 1.781250E+00
 1.787500E+00
 1.793750E+00
 1.800000E+00
 1.806250E+00
 1.812500E+00
 1.818750E+00
 1.825000E+00
 1.831250E+00
 1.837500E+00
 1.843750E+00
 1.850000E+00
 1.856250E+00
 1.862500E+00
 1.868750E+00
 1.875000E+00
 1.881250E+00
 1.887500E+00
 1.893750E+00
 1.900000E+00
 1.906250E+00
 1.912500E+00
 1.918750E+00
 1.925000E+00
 1.931250E+00
 1.937500E+00
 1.943750E+00
 1.950000E+00
 1.956250E+00
 1.962500E+00
 1.968750E+00
 1.975000E+00
 1.981250E+00
 1.987500E+00
 1.993750E+00
 2.000000E+00
 2.006250E+00
 2.012500E+00
 2.018750E+00
 2.025000E+00
 2.031250E+00
 2.037500E+00
 2.043750E+00
 2.050000E+00
 2.056250E+00
 2.062500E+00
 2.068750E+00
 2.075000E+00
 2.081250E+00
 2.087500E+00
 2.093750E+00
 2.100000E+00
 2.106250E+00
 2.112500E+00
 2.118750E+00
 2.125000E+00
 2.131250E+00
 2.137500E+00
 2.143750E+00
 2.150000E+00
 2.156250E+00
 2.162500E+00
 2.168750E+00
 2.175000E+00
 2.181250E+00
 2.187500E+00
 2.193750E+00
 2.200000E+00
 2.206250E+00
 2.212500E+00
 2.218750E+00
 2.225000E+00
 2.231250E+00
 2.237500E+00
 2.243750E+00
 2.250000E+00
 2.256250E+00
 2.262500E+00
 2.268750E+00
 2.275000E+00
 2.281250E+00
 2.287500E+00
 2.293750E+00
 2.300000E+00
 2.306250E+00
 2.312500E+00
 2.318750E+00
 2.325000E+00
 2.331250E+00
 2.337500E+00
 2.343750E+00
 2.350000E+00
 2.356250E+00
 2.362500E+00
 2.368750E+00
 2.375000E+00
 2.381250E+00
 2.387500E+00
 2.393750E+00
 2.400000E+00
 2.406250E+00
 2.412500E+00
 2.418750E+00
 2.425000E+00
 2.431250E+00
 2.437500E+00
 2.443750E+00
 2.450000E+00
 2.456250E+00
 2.462500E+00
 2.468750E+00
 2.475000E+00
 2.481250E+00
 2.487500E+00
 2.493750E+00
 2.500000E+00
 2.506250E+00
 2.512500E+00
 2.518750E+00
 2.525000E+00
 2.531250E+00
 2.537500E+00
 2.543750E+00
 2.550000E+00
 2.556250E+00
 2.562500E+00
 2.568750E+00
 2.575000E+00
 2.581250E+00
 2.587500E+00
 2.593750E+00
 2.600000E+00
 2.606250E+00
 2.612500E+00
 2.618750E+00
 2.625000E+00
 2.631250E+00
 2.637500E+00
 2.643750E+00
 2.650000E+00
 2.656250E+00
 2.662500E+00
 2.668750E+00
 2.675000E+00
 2.681250E+00
 2.687500E+00
 2.693750E+00
 2.700000E+00
 2.706250E+00
 2.712500E+00
 2.718750E+00
 2.725000E+00
 2.731250E+00
 2.737500E+00
 2.743750E+00
 2.750000E+00
 2.756250E+00
 2.762500E+00
 2.768750E+00
 2.775000E+00
 2.781250E+00
 2.787500E+00
 2.793750E+00
 2.800000E+00
 2.806250E+00
 2.812500E+00
 2.818750E+00
 2.825000E+00
 2.831250E+00
 2.837500E+00
 2.843750E+00
 2.850000E+00
 2.856250E+00
 2.862500E+00
 2.868750E+00
 2.875000E+00
 2.881250E+00
 2.887500E+00
 2.893750E+00
 2.900000E+00
 2.906250E+00
 2.912500E+00
 2.918750E+00
 2.925000E+00
 2.931250E+00
 2.937500E+00
 2.943750E+00
 2.950000E+00
 2.956250E+00
 2.962500E+00
 2.968750E+00
 2.975000E+00
 2.981250E+00
 2.987500E+00
 2.993750E+00
 3.000000E+00
 3.006250E+00
 3.012500E+00
 3.018750E+00
 3.025000E+00
 3.031250E+00
 3.037500E+00
 3.043750E+00
 3.050000E+00
 3.056250E+00
 3.062500E+00
 3.068750E+00
 3.075000E+00
 3.081250E+00
 3.087500E+00
 3.093750E+00
 3.100000E+00
 3.106250E+00
 3.112500E+00
 3.118750E+00
 3.125000E+00
 3.131250E+00
 3.137500E+00
 3.143750E+00
 3.150000E+00
 3.156250E+00
 3.162500E+00
 3.168750E+00
 3.175000E+00
 3.181250E+00
 3.187500E+00
 3.193750E+00
 3.200000E+00
 3.206250E+00
 3.212500E+00
 3.218750E+00
 3.225000E+00
 3.231250E+00
 3.237500E+00
 3.243750E+00
 3.250000E+00
 3.256250E+00
 3.262500E+00
 3.268750E+00
 3.275000E+00
 3.281250E+00
 3.287500E+00
 3.293750E+00
 3.300000E+00
 3.306250E+00
 3.312500E+00
 3.318750E+00
 3.325000E+00
 3.331250E+00
 3.337500E+00
 3.343750E+00
 3.350000E+00
 3.356250E+00
 3.362500E+00
 3.368750E+00
 3.375000E+00
 3.381250E+00
 3.387500E+00
 3.393750E+00
 3.400000E+00
 3.406250E+00
 3.412500E+00
 3.418750E+00
 3.425000E+00
 3.431250E+00
 3.437500E+00
 3.443750E+00
 3.450000E+00
 3.456250E+00
 3.462500E+00
 3.468750E+00
 3.475000E+00
 3.481250E+00
 3.487500E+00
 3.493750E+00
 3.500000E+00
 3.506250E+00
 3.512500E+00
 3.518750E+00
 3.525000E+00
 3.531250E+00
 3.537500E+00
 3.543750E+00
 3.550000E+00
 3.556250E+00
 3.562500E+00
 3.568750E+00
 3.575000E+00
 3.581250E+00
 3.587500E+00
 3.593750E+00
 3.600000E+00
 3.606250E+00
 3.612500E+00
 3.618750E+00
 3.625000E+00
 3.631250E+00
 3.637500E+00
 3.643750E+00
 3.650000E+00
 3.656250E+00
 3.662500E+00
 3.668750E+00
 3.675000E+00
 3.681250E+00
 3.687500E+00
 3.693750E+00
 3.700000E+00
 3.706250E+00
 3.712500E+00
 3.718750E+00
 3.725000E+00
 3.731250E+00
 3.737500E+00
 3.743750E+00
 3.750000E+00
 3.756250E+00
 3.762500E+00
 3.768750E+00
 3.775000E+00
 3.781250E+00
 3.787500E+00
 3.793750E+00
 3.800000E+00
 3.806250E+00
 3.812500E+00
 3.818750E+00
 3.825000E+00
 3.831250E+00
 3.837500E+00
 3.843750E+00
 3.850000E+00
 3.856250E+00
 3.862500E+00
 3.868750E+00
 3.875000E+00
 3.881250E+00
 3.887500E+00
 3.893750E+00
 3.900000E+00
 3.906250E+00
 3.912500E+00
 3.918750E+00
 3.925000E+00
 3.931250E+00
 3.937500E+00
 3.943750E+00
 3.950000E+00
 3.956250E+00
 3.962500E+00
 3.968750E+00
 3.975000E+00
 3.981250E+00
 3.987500E+00
 3.993750E+00
 4.000000E+00
 4.006250E+00
 4.012500E+00
 4.018750E+00
 4.025000E+00
 4.031250E+00
 4.037500E+00
 4.043750E+00
 4.050000E+00
 4.056250E+00
 4.062500E+00
 4.068750E+00
 4.075000E+00
 4.081250E+00
 4.087500E+00
 4.093750E+00
 4.100000E+00
 4.106250E+00
 4.112500E+00
 4.118750E+00
 4.125000E+00
 4.131250E+00
 4.137500E+00
 4.143750E+00
 4.150000E+00
 4.156250E+00
 4.162500E+00
 4.168750E+00
 4.175000E+00
 4.181250E+00
 4.187500E+00
 4.193750E+00
 4.200000E+00
 4.206250E+00
 4.212500E+00
 4.218750E+00
 4.228125E+00
 4.237500E+00
 4.246875E+00
 4.256250E+00
 4.265625E+00
 4.275000E+00
 4.284375E+00
 4.293750E+00
 4.303125E+00
 4.312500E+00
 4.325000E+00
 4.337500E+00
 4.350000E+00
 4.362500E+00
 4.375000E+00
 4.387500E+00
 4.400000E+00
 4.412500E+00
 4.425000E+00
 4.437500E+00
 4.450000E+00
 4.462500E+00
 4.475000E+00
 4.487500E+00
 4.500000E+00
 4.512500E+00
 4.525000E+00
 4.537500E+00
 4.550000E+00
 4.562500E+00
 4.575000E+00
 4.587500E+00
 4.600000E+00
 4.612500E+00
 4.625000E+00
 4.637500E+00
 4.650000E+00
 4.662500E+00
 4.675000E+00
 4.687500E+00
 4.700000E+00
 4.712500E+00
 4.725000E+00
 4.737500E+00
 4.750000E+00
 4.762500E+00
 4.775000E+00
 4.787500E+00
 4.800000E+00
 4.812500E+00
 4.825000E+00
 4.837500E+00
 4.850000E+00
 4.862500E+00
 4.875000E+00
 4.887500E+00
 4.900000E+00
 4.912500E+00
 4.925000E+00
 4.937500E+00
 4.950000E+00
 4.962500E+00
 4.975000E+00
 4.987500E+00
 5.000000E+00
 5.012500E+00
 5.025000E+00
 5.037500E+00
 5.050000E+00
 5.062500E+00
 5.075000E+00
 5.087500E+00
 5.100000E+00
 5.112500E+00
 5.125000E+00
 5.137500E+00
 5.150000E+00
 5.162500E+00
 5.175000E+00
 5.187500E+00
 5.200000E+00
 5.212500E+00
 5.225000E+00
 5.237500E+00
 5.250000E+00
 5.262500E+00
 5.275000E+00
 5.287500E+00
 5.300000E+00
 5.312500E+00
 5.325000E+00
 5.337500E+00
 5.350000E+00
 5.362500E+00
 5.375000E+00
 5.387500E+00
 5.400000E+00
 5.412500E+00
 5.425000E+00
 5.437500E+00
 5.450000E+00
 5.462500E+00
 5.475000E+00
 5.487500E+00
 5.500000E+00
 5.512500E+00
 5.525000E+00
 5.537500E+00
 5.550000E+00
 5.562500E+00
 5.575000E+00
 5.587500E+00
 5.600000E+00
 5.612500E+00
 5.625000E+00
 5.637500E+00
 5.650000E+00
 5.662500E+00
 5.675000E+00
 5.687500E+00
 5.693750E+00
 5.700000E+00
 5.706250E+00
 5.712500E+00
 5.718750E+00
 5.725000E+00
 5.731250E+00
 5.737500E+00
 5.743750E+00
 5.750000E+00
 1.250000E+00
 1.253125E+00
 1.256250E+00
 1.259375E+00
 1.262500E+00
 1.265625E+00
 1.268750E+00
 1.271875E+00
 1.275000E+00
 1.278125E+00
 1.281250E+00
 1.287500E+00
 1.293750E+00
 1.300000E+00
 1.306250E+00
 1.312500E+00
 1.318750E+00
 1.325000E+00
 1.331250E+00
 1.337500E+00
 1.343750E+00
 1.350000E+00
 1.356250E+00
 1.362500E+00
 1.368750E+00
 1.375000E+00
 1.381250E+00
 1.387500E+00
 1.393750E+00
 1.400000E+00
 1.406250E+00
 1.412500E+00
 1.418750E+00
 1.425000E+00
 1.431250E+00
 1.437500E+00
 1.443750E+00
 1.450000E+00
 1.456250E+00
 1.462500E+00
 1.468750E+00
 1.475000E+00
 1.481250E+00
 1.487500E+00
 1.493750E+00
 1.500000E+00
 1.506250E+00
 1.512500E+00
 1.518750E+00
 1.525000E+00
 1.531250E+00
 1.537500E+00
 1.543750E+00
 1.550000E+00
 1.556250E+00
 1.562500E+00
 1.568750E+00
 1.575000E+00
 1.581250E+00
 1.587500E+00
 1.593750E+00
 1.600000E+00
 1.606250E+00
 1.612500E+00
 1.618750E+00
 1.625000E+00
 1.631250E+00
 1.637500E+00
 1.643750E+00
 1.650000E+00
 1.656250E+00
 1.662500E+00
 1.668750E+00
 1.675000E+00
 1.681250E+00
 1.687500E+00
 1.693750E+00
 1.700000E+00
 1.706250E+00
 1.712500E+00
 1.718750E+00
 1.725000E+00
 1.731250E+00
 1.737500E+00
 1.743750E+00
 1.750000E+00
 1.756250E+00
 1.762500E+00
 1.768750E+00
 1.775000E+00
 1.781250E+00
 1.787500E+00
 1.793750E+00
 1.800000E+00
 1.806250E+00
 1.812500E+00
 1.818750E+00
 1.825000E+00
 1.831250E+00
 1.837500E+00
 1.843750E+00
 1.850000E+00
 1.856250E+00
 1.862500E+00
 1.868750E+00
 1.875000E+00
 1.881250E+00
 1.887500E+00
 1.893750E+00
 1.900000E+00
 1.906250E+00
 1.912500E+00
 1.918750E+00
 1.925000E+00
 1.931250E+00
 1.937500E+00
 1.943750E+00
 1.950000E+00
 1.956250E+00
 1.962500E+00
 1.968750E+00
 1.975000E+00
 1.981250E+00
 1.987500E+00
 1.993750E+00
 2.000000E+00
 2.006250E+00
 2.012500E+00
 2.018750E+00
 2.025000E+00
 2.031250E+00
 2.037500E+00
 2.043750E+00
 2.050000E+00
 2.056250E+00
 2.062500E+00
 2.068750E+00
 2.075000E+00
 2.081250E+00
 2.087500E+00
 2.093750E+00
 2.100000E+00
 2.106250E+00
 2.112500E+00
 2.118750E+00
 2.125000E+00
 2.131250E+00
 2.137500E+00
 2.143750E+00
 2.150000E+00
 2.156250E+00
 2.162500E+00
 2.168750E+00
 2.175000E+00
 2.181250E+00
 2.187500E+00
 2.193750E+00
 2.200000E+00
 2.206250E+00
 2.212500E+00
 2.218750E+00
 2.225000E+00
 2.231250E+00
 2.237500E+00
 2.243750E+00
 2.250000E+00
 2.256250E+00
 2.262500E+00
 2.268750E+00
 2.275000E+00
 2.281250E+00
 2.287500E+00
 2.293750E+00
 2.300000E+00
 2.306250E+00
 2.312500E+00
 2.318750E+00
 2.325000E+00
 2.331250E+00
 2.337500E+00
 2.343750E+00
 2.350000E+00
 2.356250E+00
 2.362500E+00
 2.368750E+00
 2.375000E+00
 2.381250E+00
 2.387500E+00
 2.393750E+00
 2.400000E+00
 2.406250E+00
 2.412500E+00
 2.418750E+00
 2.425000E+00
 2.431250E+00
 2.437500E+00
 2.443750E+00
 2.450000E+00
 2.456250E+00
 2.462500E+00
 2.468750E+00
 2.475000E+00
 2.481250E+00
 2.487500E+00
 2.493750E+00
 2.500000E+00
 2.506250E+00
 2.512500E+00
 2.518750E+00
 2.525000E+00
 2.531250E+00
 2.537500E+00
 2.543750E+00
 2.550000E+00
 2.556250E+00
 2.562500E+00
 2.568750E+00
 2.575000E+00
 2.581250E+00
 2.587500E+00
 2.593750E+00
 2.600000E+00
 2.606250E+00
 2.612500E+00
 2.618750E+00
 2.625000E+00
 2.631250E+00
 2.637500E+00
 2.643750E+00
 2.650000E+00
 2.656250E+00
 2.662500E+00
 2.668750E+00
 2.675000E+00
 2.681250E+00
 2.687500E+00
 2.693750E+00
 2.700000E+00
 2.706250E+00
 2.712500E+00
 2.718750E+00
 2.725000E+00
 2.731250E+00
 2.737500E+00
 2.743750E+00
 2.750000E+00
 2.756250E+00
 2.762500E+00
 2.768750E+00
 2.775000E+00
 2.781250E+00
 2.787500E+00
 2.793750E+00
 2.800000E+00
 2.806250E+00
 2.812500E+00
 2.818750E+00
 2.825000E+00
 2.831250E+00
 2.837500E+00
 2.843750E+00
 2.850000E+00
 2.856250E+00
 2.862500E+00
 2.868750E+00
 2.875000E+00
 2.881250E+00
 2.887500E+00
 2.893750E+00
 2.900000E+00
 2.906250E+00
 2.912500E+00
 2.918750E+00
 2.925000E+00
 2.931250E+00
 2.937500E+00
 2.943750E+00
 2.950000E+00
 2.956250E+00
 2.962500E+00
 2.968750E+00
 2.975000E+00
 2.981250E+00
 2.987500E+00
 2.993750E+00
 3.000000E+00
 3.006250E+00
 3.012500E+00
 3.018750E+00
 3.025000E+00
 3.031250E+00
 3.037500E+00
 3.043750E+00
 3.050000E+00
 3.056250E+00
 3.062500E+00
 3.068750E+00
 3.075000E+00
 3.081250E+00
 3.087500E+00
 3.093750E+00
 3.100000E+00
 3.106250E+00
 3.112500E+00
 3.118750E+00
 3.125000E+00
 3.131250E+00
 3.137500E+00
 3.143750E+00
 3.150000E+00
 3.156250E+00
 3.162500E+00
 3.168750E+00
 3.175000E+00
 3.181250E+00
 3.187500E+00
 3.193750E+00
 3.200000E+00
 3.206250E+00
 3.212500E+00
 3.218750E+00
 3.225000E+00
 3.231250E+00
 3.237500E+00
 3.243750E+00
 3.250000E+00
 3.256250E+00
 3.262500E+00
 3.268750E+00
 3.275000E+00
 3.281250E+00
 3.287500E+00
 3.293750E+00
 3.300000E+00
 3.306250E+00
 3.312500E+00
 3.318750E+00
 3.325000E+00
 3.331250E+00
 3.337500E+00
 3.343750E+00
 3.350000E+00
 3.356250E+00
 3.362500E+00
 3.368750E+00
 3.375000E+00
 3.381250E+00
 3.387500E+00
 3.393750E+00
 3.400000E+00
 3.406250E+00
 3.412500E+00
 3.418750E+00
 3.425000E+00
 3.431250E+00
 3.437500E+00
 3.443750E+00
 3.450000E+00
 3.456250E+00
 3.462500E+00
 3.468750E+00
 3.475000E+00
 3.481250E+00
 3.487500E+00
 3.493750E+00
 3.500000E+00
 3.506250E+00
 3.512500E+00
 3.518750E+00
 3.525000E+00
 3.531250E+00
 3.537500E+00
 3.543750E+00
 3.550000E+00
 3.556250E+00
 3.562500E+00
 3.568750E+00
 3.575000E+00
 3.581250E+00
 3.587500E+00
 3.593750E+00
 3.600000E+00
 3.606250E+00
 3.612500E+00
 3.618750E+00
 3.625000E+00
 3.631250E+00
 3.637500E+00
 3.643750E+00
 3.650000E+00
 3.656250E+00
 3.662500E+00
 3.668750E+00
 3.675000E+00
 3.681250E+00
 3.687500E+00
 3.693750E+00
 3.700000E+00
 3.706250E+00
 3.712500E+00
 3.718750E+00
 3.725000E+00
 3.731250E+00
 3.737500E+00
 3.743750E+00
 3.750000E+00
 3.756250E+00
 3.762500E+00
 3.768750E+00
 3.775000E+00
 3.781250E+00
 3.787500E+00
 3.793750E+00
 3.800000E+00
 3.806250E+00
 3.812500E+00
 3.818750E+00
 3.825000E+00
 3.831250E+00
 3.837500E+00
 3.843750E+00
 3.850000E+00
 3.856250E+00
 3.862500E+00
 3.868750E+00
 3.875000E+00
 3.881250E+00
 3.887500E+00
 3.893750E+00
 3.900000E+00
 3.906250E+00
 3.912500E+00
 3.918750E+00
 3.925000E+00
 3.931250E+00
 3.937500E+00
 3.943750E+00
 3.950000E+00
 3.956250E+00
 3.962500E+00
 3.968750E+00
 3.975000E+00
 3.981250E+00
 3.987500E+00
 3.993750E+00
 4.000000E+00
 4.006250E+00
 4.012500E+00
 4.018750E+00
 4.025000E+00
 4.031250E+00
 4.037500E+00
 4.043750E+00
 4.050000E+00
 4.056250E+00
 4.062500E+00
 4.068750E+00
 4.075000E+00
 4.081250E+00
 4.087500E+00
 4.093750E+00
 4.100000E+00
 4.106250E+00
 4.112500E+00
 4.118750E+00
 4.125000E+00
 4.131250E+00
 4.137500E+00
 4.143750E+00
 4.150000E+00
 4.156250E+00
 4.162500E+00
 4.168750E+00
 4.175000E+00
 4.181250E+00
 4.187500E+00
 4.193750E+00
 4.200000E+00
 4.206250E+00
 4.212500E+00
 4.218750E+00
 4.228125E+00
 4.237500E+00
 4.246875E+00
 4.256250E+00
 4.265625E+00
 4.275000E+00
 4.284375E+00
 4.293750E+00
 4.303125E+00
 4.312500E+00
 4.325000E+00
 4.337500E+00
 4.350000E+00
 4.362500E+00
 4.375000E+00
 4.387500E+00
 4.400000E+00
 4.412500E+00
 4.425000E+00
 4.437500E+00
 4.450000E+00
 4.462500E+00
 4.475000E+00
 4.487500E+00
 4.500000E+00
 4.512500E+00
 4.525000E+00
 4.537500E+00
 4.550000E+00
 4.562500E+00
 4.575000E+00
 4.587500E+00
 4.600000E+00
 4.612500E+00
 4.625000E+00
 4.637500E+00
 4.650000E+00
 4.662500E+00
 4.675000E+00
 4.687500E+00
 4.700000E+00
 4.712500E+00
 4.725000E+00
 4.737500E+00
 4.750000E+00
 4.762500E+00
 4.775000E+00
 4.787500E+00
 4.800000E+00
 4.812500E+00
 4.825000E+00
 4.837500E+00
 4.850000E+00
 4.862500E+00
 4.875000E+00
 4.887500E+00
 4.900000E+00
 4.912500E+00
 4.925000E+00
 4.937500E+00
 4.950000E+00
 4.962500E+00
 4.975000E+00
 4.987500E+00
 5.000000E+00
 5.012500E+00
 5.025000E+00
 5.037500E+00
 5.050000E+00
 5.062500E+00
 5.075000E+00
 5.087500E+00
 5.100000E+00
 5.112500E+00
 5.125000E+00
 5.137500E+00
 5.150000E+00
 5.162500E+00
 5.175000E+00
 5.187500E+00
 5.200000E+00
 5.212500E+00
 5.225000E+00
 5.237500E+00
 5.250000E+00
 5.262500E+00
 5.275000E+00
 5.287500E+00
 5.300000E+00
 5.312500E+00
 5.325000E+00
 5.337500E+00
 5.350000E+00
 5.362500E+00
 5.375000E+00
 5.387500E+00
 5.400000E+00
 5.412500E+00
 5.425000E+00
 5.437500E+00
 5.450000E+00
 5.462500E+00
 5.475000E+00
 5.487500E+00
 5.500000E+00
 5.512500E+00
 5.525000E+00
 5.537500E+00
 5.550000E+00
 5.562500E+00
 5.575000E+00
 5.587500E+00
 5.600000E+00
 5.612500E+00
 5.625000E+00
 5.637500E+00
 5.650000E+00
 5.662500E+00
 5.675000E+00
 5.687500E+00
 5.693750E+00
 5.700000E+00
 5.706250E+00
 5.712500E+00
 5.718750E+00
 5.725000E+00
 5.731250E+00
 5.737500E+00
 5.743750E+00
 5.750000E+00
 7.280905E-05
 7.983363E-05
 8.543496E-05
 8.907384E-05
 9.088944E-05
 9.103509E-05
 8.966399E-05
 8.692858E-05
 8.298505E-05
 7.804262E-05
 7.280905E-05
 6.842866E-05
 6.351289E-05
 5.776434E-05
 5.127550E-05
 4.418773E-05
 3.656122E-05
 2.832800E-05
 1.950167E-05
 1.006698E-05
 0.000000E+00
 2.985190E-05
 6.562739E-05
 1.047984E-04
 1.448510E-04
 1.833070E-04
 2.177402E-04
 2.458018E-04
 2.652868E-04
 2.748753E-04
 2.725572E-04
 2.901515E-04
 3.044066E-04
 3.152278E-04
 3.230110E-04
 3.281187E-04
 3.307500E-04
 3.309948E-04
 3.287771E-04
 3.242071E-04
 3.212839E-04
 4.224881E-04
 5.551731E-04
 7.109786E-04
 8.817923E-04
 1.064163E-03
 1.255441E-03
 1.454152E-03
 1.661239E-03
 1.886323E-03
 2.125621E-03
 2.391088E-03
 2.682861E-03
 2.999032E-03
 3.346111E-03
 3.729481E-03
 4.156005E-03
 4.634107E-03
 5.171330E-03
 5.771462E-03
 6.444048E-03
 7.206593E-03
 8.062971E-03
 8.990860E-03
 9.973805E-03
 1.099801E-02
 1.205123E-02
 1.312198E-02
 1.420003E-02
 1.527580E-02
 1.633514E-02
 1.737472E-02
 1.842448E-02
 1.951906E-02
 2.069292E-02
 2.198295E-02
 2.342296E-02
 2.504852E-02
 2.689713E-02
 2.900185E-02
 3.139781E-02
 3.413348E-02
 3.726250E-02
 4.084954E-02
 4.495815E-02
 4.965236E-02
 5.499666E-02
 6.105493E-02
 6.789180E-02
 7.557161E-02
 8.415961E-02
 9.369687E-02
 1.041268E-01
 1.153681E-01
 1.273398E-01
 1.399603E-01
 1.531490E-01
 1.668247E-01
 1.809069E-01
 1.953147E-01
 2.099679E-01
 2.248273E-01
 2.400203E-01
 2.557160E-01
 2.720853E-01
 2.892971E-01
 3.075214E-01
 3.269276E-01
 3.476853E-01
 3.699643E-01
 3.939345E-01
 4.197468E-01
 4.474793E-01
 4.771917E-01
 5.089427E-01
 5.427926E-01
 5.788012E-01
 6.170281E-01
 6.575322E-01
 7.003734E-01
 7.456111E-01
 7.933510E-01
 8.438811E-01
 8.975341E-01
 9.546440E-01
 1.015544E+00
 1.080566E+00
 1.150048E+00
 1.224322E+00
 1.303718E+00
 1.388573E+00
 1.479167E+00
 1.575584E+00
 1.676978E+00
 1.785991E+00
 1.900042E+00
 2.020028E+00
 2.145981E+00
 2.277927E+00
 2.415897E+00
 2.559903E+00
 2.709893E+00
 2.865341E+00
 3.025569E+00
 3.189953E+00
 3.357849E+00
 3.528614E+00
 3.701611E+00
 3.876194E+00
 4.051723E+00
 4.238964E+00
 4.403085E+00
 4.577852E+00
 4.751441E+00
 4.923426E+00
 5.093420E+00
 5.260901E+00
 5.425547E+00
 5.586905E+00
 5.744552E+00
 5.898067E+00
 6.047168E+00
 6.192153E+00
 6.333446E+00
 6.471483E+00
 6.606698E+00
 6.739515E+00
 6.870416E+00
 6.999755E+00
 7.128000E+00
 7.255560E+00
 7.382862E+00
 7.510001E+00
 7.637040E+00
 7.764050E+00
 7.891077E+00
 8.018195E+00
 8.145464E+00
 8.272950E+00
 8.400716E+00
 8.528825E+00
 8.657269E+00
 8.785767E+00
 8.913963E+00
 9.041566E+00
 9.168127E+00
 9.293329E+00
 9.416665E+00
 9.543291E+00
 9.657017E+00
 9.773205E+00
 9.886408E+00
 9.996991E+00
 1.010546E+01
 1.021234E+01
 1.031812E+01
 1.042332E+01
 1.052844E+01
 1.063401E+01
 1.074052E+01
 1.084849E+01
 1.095823E+01
 1.106932E+01
 1.118114E+01
 1.129306E+01
 1.140446E+01
 1.151473E+01
 1.162323E+01
 1.172935E+01
 1.183247E+01
 1.193197E+01
 1.202736E+01
 1.211872E+01
 1.220622E+01
 1.229008E+01
 1.237057E+01
 1.244764E+01
 1.252175E+01
 1.259300E+01
 1.266159E+01
 1.272772E+01
 1.279166E+01
 1.285393E+01
 1.291514E+01
 1.297587E+01
 1.303672E+01
 1.309829E+01
 1.316117E+01
 1.322596E+01
 1.329325E+01
 1.336364E+01
 1.343759E+01
 1.351501E+01
 1.359568E+01
 1.367937E+01
 1.376585E+01
 1.385491E+01
 1.394633E+01
 1.403987E+01
 1.413532E+01
 1.423246E+01
 1.433099E+01
 1.443050E+01
 1.453044E+01
 1.463032E+01
 1.472963E+01
 1.482786E+01
 1.492449E+01
 1.501906E+01
 1.511103E+01
 1.519991E+01
 1.528530E+01
 1.536731E+01
 1.544617E+01
 1.552210E+01
 1.559532E+01
 1.566606E+01
 1.573454E+01
 1.580100E+01
 1.586591E+01
 1.592901E+01
 1.599046E+01
 1.605116E+01
 1.611111E+01
 1.617067E+01
 1.623013E+01
 1.628980E+01
 1.634999E+01
 1.641102E+01
 1.647320E+01
 1.653684E+01
 1.660213E+01
 1.666881E+01
 1.673649E+01
 1.680476E+01
 1.687326E+01
 1.694158E+01
 1.700932E+01
 1.707610E+01
 1.714154E+01
 1.720524E+01
 1.726688E+01
 1.732638E+01
 1.738375E+01
 1.743897E+01
 1.749209E+01
 1.754304E+01
 1.759185E+01
 1.763852E+01
 1.768337E+01
 1.772540E+01
 1.776560E+01
 1.780351E+01
 1.783901E+01
 1.787199E+01
 1.790233E+01
 1.792984E+01
 1.795449E+01
 1.797611E+01
 1.799430E+01
 1.800976E+01
 1.802168E+01
 1.803083E+01
 1.803785E+01
 1.808235E+01
 1.804802E+01
 1.805245E+01
 1.805731E+01
 1.806319E+01
 1.807072E+01
 1.808059E+01
 1.809322E+01
 1.810837E+01
 1.812558E+01
 1.814444E+01
 1.816448E+01
 1.818529E+01
 1.820643E+01
 1.822745E+01
 1.824791E+01
 1.826740E+01
 1.828552E+01
 1.830218E+01
 1.831732E+01
 1.833096E+01
 1.834302E+01
 1.835348E+01
 1.836231E+01
 1.836947E+01
 1.837491E+01
 1.837862E+01
 1.838067E+01
 1.838167E+01
 1.838229E+01
 1.838327E+01
 1.838532E+01
 1.838911E+01
 1.839541E+01
 1.840492E+01
 1.841833E+01
 1.843636E+01
 1.845938E+01
 1.848655E+01
 1.851668E+01
 1.854853E+01
 1.858093E+01
 1.861271E+01
 1.864261E+01
 1.866951E+01
 1.869216E+01
 1.870939E+01
 1.872034E+01
 1.872545E+01
 1.872550E+01
 1.872131E+01
 1.871363E+01
 1.870319E+01
 1.869098E+01
 1.867760E+01
 1.866387E+01
 1.865058E+01
 1.863838E+01
 1.862729E+01
 1.861720E+01
 1.860785E+01
 1.859957E+01
 1.859180E+01
 1.858457E+01
 1.857777E+01
 1.857127E+01
 1.856496E+01
 1.855873E+01
 1.855243E+01
 1.854589E+01
 1.853899E+01
 1.853158E+01
 1.852348E+01
 1.851457E+01
 1.850467E+01
 1.849365E+01
 1.848137E+01
 1.846770E+01
 1.845276E+01
 1.843667E+01
 1.841957E+01
 1.840163E+01
 1.838295E+01
 1.836370E+01
 1.834401E+01
 1.832402E+01
 1.830389E+01
 1.828336E+01
 1.826455E+01
 1.824673E+01
 1.823118E+01
 1.821864E+01
 1.820989E+01
 1.820563E+01
 1.820665E+01
 1.821370E+01
 1.822755E+01
 1.824864E+01
 1.827601E+01
 1.830849E+01
 1.834485E+01
 1.838388E+01
 1.842435E+01
 1.846505E+01
 1.850476E+01
 1.854228E+01
 1.857636E+01
 1.860607E+01
 1.863147E+01
 1.865291E+01
 1.867074E+01
 1.868530E+01
 1.869693E+01
 1.870598E+01
 1.871279E+01
 1.871770E+01
 1.872106E+01
 1.872313E+01
 1.872385E+01
 1.872310E+01
 1.872074E+01
 1.871664E+01
 1.871067E+01
 1.870269E+01
 1.869262E+01
 1.868022E+01
 1.866542E+01
 1.864822E+01
 1.862912E+01
 1.860880E+01
 1.858792E+01
 1.856709E+01
 1.854703E+01
 1.852837E+01
 1.851174E+01
 1.849784E+01
 1.848730E+01
 1.848064E+01
 1.847788E+01
 1.847876E+01
 1.848327E+01
 1.849120E+01
 1.850241E+01
 1.851656E+01
 1.853384E+01
 1.855395E+01
 1.857698E+01
 1.860216E+01
 1.862876E+01
 1.865565E+01
 1.868170E+01
 1.870581E+01
 1.872686E+01
 1.874372E+01
 1.875528E+01
 1.876042E+01
 1.875802E+01
 1.874738E+01
 1.874290E+01
 1.870585E+01
 1.867783E+01
 1.864675E+01
 1.861435E+01
 1.858179E+01
 1.855058E+01
 1.852216E+01
 1.849794E+01
 1.847887E+01
 1.846522E+01
 1.845588E+01
 1.845045E+01
 1.844837E+01
 1.844905E+01
 1.845192E+01
 1.845640E+01
 1.846192E+01
 1.846790E+01
 1.847688E+01
 1.848609E+01
 1.849602E+01
 1.850713E+01
 1.851993E+01
 1.853489E+01
 1.855248E+01
 1.857322E+01
 1.859759E+01
 1.862606E+01
 1.867089E+01
 1.872286E+01
 1.878092E+01
 1.884406E+01
 1.891127E+01
 1.898152E+01
 1.905376E+01
 1.912698E+01
 1.920017E+01
 1.927227E+01
 1.934241E+01
 1.941022E+01
 1.947548E+01
 1.953801E+01
 1.959737E+01
 1.965354E+01
 1.970623E+01
 1.975520E+01
 1.980021E+01
 1.984104E+01
 1.987748E+01
 1.990952E+01
 1.993716E+01
 1.996039E+01
 1.997923E+01
 1.999367E+01
 2.000375E+01
 2.000957E+01
 2.001075E+01
 2.000770E+01
 2.000028E+01
 1.998921E+01
 1.997474E+01
 1.995748E+01
 1.993797E+01
 1.990955E+01
 1.989421E+01
 1.987103E+01
 1.984767E+01
 1.982466E+01
 1.980240E+01
 1.978083E+01
 1.975971E+01
 1.973891E+01
 1.971821E+01
 1.969739E+01
 1.967627E+01
 1.965470E+01
 1.963232E+01
 1.960912E+01
 1.958490E+01
 1.955978E+01
 1.953395E+01
 1.950759E+01
 1.948084E+01
 1.945395E+01
 1.942709E+01
 1.940045E+01
 1.937421E+01
 1.934856E+01
 1.932358E+01
 1.929899E+01
 1.927427E+01
 1.924907E+01
 1.922298E+01
 1.919555E+01
 1.916640E+01
 1.913510E+01
 1.910124E+01
 1.906440E+01
 1.902428E+01
 1.898113E+01
 1.893538E+01
 1.888722E+01
 1.883715E+01
 1.878552E+01
 1.873268E+01
 1.867900E+01
 1.862485E+01
 1.857058E+01
 1.851646E+01
 1.846231E+01
 1.840788E+01
 1.835273E+01
 1.829671E+01
 1.823950E+01
 1.818079E+01
 1.812030E+01
 1.805774E+01
 1.799281E+01
 1.792538E+01
 1.785500E+01
 1.778192E+01
 1.770604E+01
 1.762714E+01
 1.754513E+01
 1.746009E+01
 1.737188E+01
 1.728041E+01
 1.718561E+01
 1.708772E+01
 1.698819E+01
 1.688876E+01
 1.679121E+01
 1.669725E+01
 1.660871E+01
 1.652728E+01
 1.645474E+01
 1.639285E+01
 1.634336E+01
 1.632382E+01
 1.630803E+01
 1.624415E+01
 1.628861E+01
 1.628541E+01
 1.628685E+01
 1.629315E+01
 1.630452E+01
 1.632118E+01
 1.634336E+01
 0.000000E+00
 6.450640E-07
 1.107236E-06
 1.401346E-06
 1.542222E-06
 1.544694E-06
 1.423590E-06
 1.193739E-06
 8.699715E-07
 4.671154E-07
 0.000000E+00
 8.611466E-07
 1.786082E-06
 2.679123E-06
 3.444587E-06
 3.986790E-06
 4.210051E-06
 4.018685E-06
 3.317010E-06
 2.009342E-06
 0.000000E+00
 3.381029E-06
 7.276133E-06
 1.121078E-05
 1.471044E-05
 1.730059E-05
 1.850669E-05
 1.785421E-05
 1.486862E-05
 9.075395E-06
 0.000000E+00
 1.004671E-05
 2.168814E-05
 3.348904E-05
 4.401417E-05
 5.182828E-05
 5.549613E-05
 5.358247E-05
 4.465206E-05
 2.726965E-05
 0.000000E+00
 4.697825E-05
 1.045606E-04
 1.693333E-04
 2.379650E-04
 3.071530E-04
 3.739181E-04
 4.356415E-04
 4.902363E-04
 5.375702E-04
 5.844481E-04
 7.184695E-04
 8.972028E-04
 1.094776E-03
 1.305333E-03
 1.524017E-03
 1.747297E-03
 1.972305E-03
 2.197201E-03
 2.423495E-03
 2.657195E-03
 2.909704E-03
 3.195018E-03
 3.528638E-03
 3.932665E-03
 4.429024E-03
 5.041200E-03
 5.794392E-03
 6.710325E-03
 7.812020E-03
 9.122289E-03
 1.066249E-02
 1.241731E-02
 1.436875E-02
 1.649741E-02
 1.878498E-02
 2.121320E-02
 2.376316E-02
 2.641494E-02
 2.915041E-02
 3.195272E-02
 3.544272E-02
 3.777529E-02
 4.080474E-02
 4.392988E-02
 4.716430E-02
 5.052172E-02
 5.401583E-02
 5.766017E-02
 6.146884E-02
 6.545533E-02
 6.964105E-02
 7.407308E-02
 7.880626E-02
 8.389505E-02
 8.939405E-02
 9.535725E-02
 1.018395E-01
 1.088942E-01
 1.165765E-01
 1.249413E-01
 1.340508E-01
 1.439418E-01
 1.546549E-01
 1.662336E-01
 1.787199E-01
 1.921574E-01
 2.065876E-01
 2.220469E-01
 2.385963E-01
 2.562601E-01
 2.751020E-01
 2.952406E-01
 3.168093E-01
 3.399407E-01
 3.647692E-01
 3.914285E-01
 4.200521E-01
 4.507737E-01
 4.837269E-01
 5.190445E-01
 5.568961E-01
 5.975549E-01
 6.413489E-01
 6.885798E-01
 7.395649E-01
 7.946194E-01
 8.540581E-01
 9.181932E-01
 9.873402E-01
 1.061812E+00
 1.141886E+00
 1.227687E+00
 1.319302E+00
 1.416813E+00
 1.520315E+00
 1.629886E+00
 1.745616E+00
 1.867594E+00
 1.995904E+00
 2.130633E+00
 2.271620E+00
 2.418769E+00
 2.571076E+00
 2.728055E+00
 2.889098E+00
 3.053595E+00
 3.220934E+00
 3.390505E+00
 3.561696E+00
 3.733898E+00
 3.906549E+00
 4.079283E+00
 4.251781E+00
 4.423734E+00
 4.594821E+00
 4.764726E+00
 4.933184E+00
 5.099727E+00
 5.264190E+00
 5.426205E+00
 5.585535E+00
 5.742397E+00
 5.897005E+00
 6.049637E+00
 6.200546E+00
 6.350021E+00
 6.498299E+00
 6.645651E+00
 6.792339E+00
 6.938626E+00
 7.084714E+00
 7.230470E+00
 7.375761E+00
 7.520389E+00
 7.664243E+00
 7.807095E+00
 7.948797E+00
 8.089177E+00
 8.228071E+00
 8.365309E+00
 8.500762E+00
 8.634459E+00
 8.766473E+00
 8.896865E+00
 9.025710E+00
 9.153074E+00
 9.279037E+00
 9.407769E+00
 9.526987E+00
 9.649127E+00
 9.770144E+00
 9.890154E+00
 1.000928E+01
 1.012766E+01
 1.024540E+01
 1.036257E+01
 1.047951E+01
 1.059612E+01
 1.071262E+01
 1.082911E+01
 1.094564E+01
 1.106187E+01
 1.117737E+01
 1.129175E+01
 1.140457E+01
 1.151541E+01
 1.162387E+01
 1.172948E+01
 1.183185E+01
 1.193056E+01
 1.202531E+01
 1.211634E+01
 1.220400E+01
 1.228864E+01
 1.237064E+01
 1.245033E+01
 1.252809E+01
 1.260427E+01
 1.267923E+01
 1.275332E+01
 1.282682E+01
 1.289960E+01
 1.297145E+01
 1.304224E+01
 1.311160E+01
 1.317926E+01
 1.324524E+01
 1.330922E+01
 1.337098E+01
 1.343032E+01
 1.348712E+01
 1.354192E+01
 1.359494E+01
 1.364674E+01
 1.369803E+01
 1.374925E+01
 1.380075E+01
 1.385320E+01
 1.390704E+01
 1.396279E+01
 1.402087E+01
 1.408139E+01
 1.414437E+01
 1.420986E+01
 1.432492E+01
 1.434844E+01
 1.442160E+01
 1.449737E+01
 1.457580E+01
 1.465692E+01
 1.474058E+01
 1.482604E+01
 1.491237E+01
 1.499864E+01
 1.508400E+01
 1.516726E+01
 1.524796E+01
 1.532483E+01
 1.539703E+01
 1.546365E+01
 1.552409E+01
 1.557897E+01
 1.562919E+01
 1.567568E+01
 1.571937E+01
 1.576117E+01
 1.580202E+01
 1.584284E+01
 1.588453E+01
 1.592802E+01
 1.597398E+01
 1.602239E+01
 1.607276E+01
 1.612476E+01
 1.617833E+01
 1.623216E+01
 1.628683E+01
 1.634166E+01
 1.639628E+01
 1.645032E+01
 1.650367E+01
 1.655548E+01
 1.660560E+01
 1.665347E+01
 1.669917E+01
 1.674213E+01
 1.678196E+01
 1.681832E+01
 1.685082E+01
 1.687914E+01
 1.690300E+01
 1.692261E+01
 1.693831E+01
 1.695038E+01
 1.695911E+01
 1.696499E+01
 1.696816E+01
 1.696900E+01
 1.696783E+01
 1.696498E+01
 1.696075E+01
 1.695556E+01
 1.694976E+01
 1.694376E+01
 1.693793E+01
 1.693266E+01
 1.692835E+01
 1.692536E+01
 1.692410E+01
 1.692495E+01
 1.692824E+01
 1.693409E+01
 1.694260E+01
 1.695383E+01
 1.696785E+01
 1.698474E+01
 1.700456E+01
 1.702742E+01
 1.705308E+01
 1.708223E+01
 1.711468E+01
 1.714866E+01
 1.718302E+01
 1.721635E+01
 1.724724E+01
 1.727420E+01
 1.729585E+01
 1.731073E+01
 1.731743E+01
 1.731452E+01
 1.730117E+01
 1.727903E+01
 1.725034E+01
 1.721736E+01
 1.718232E+01
 1.714749E+01
 1.711509E+01
 1.708739E+01
 1.706663E+01
 1.705504E+01
 1.705420E+01
 1.706288E+01
 1.707918E+01
 1.710120E+01
 1.712699E+01
 1.715469E+01
 1.718237E+01
 1.720812E+01
 1.723004E+01
 1.724623E+01
 1.726599E+01
 1.725785E+01
 1.725514E+01
 1.724829E+01
 1.723850E+01
 1.722695E+01
 1.721480E+01
 1.720323E+01
 1.719340E+01
 1.718652E+01
 1.718349E+01
 1.718426E+01
 1.718851E+01
 1.719595E+01
 1.720625E+01
 1.721913E+01
 1.723428E+01
 1.725139E+01
 1.727014E+01
 1.729025E+01
 1.731144E+01
 1.733363E+01
 1.735678E+01
 1.738086E+01
 1.740583E+01
 1.743165E+01
 1.745828E+01
 1.748569E+01
 1.751380E+01
 1.754263E+01
 1.757205E+01
 1.760160E+01
 1.763079E+01
 1.765909E+01
 1.768599E+01
 1.771097E+01
 1.773351E+01
 1.775311E+01
 1.776924E+01
 1.778140E+01
 1.778934E+01
 1.779387E+01
 1.779608E+01
 1.782390E+01
 1.779798E+01
 1.779976E+01
 1.780370E+01
 1.779107E+01
 1.782213E+01
 1.783882E+01
 1.786170E+01
 1.789053E+01
 1.792503E+01
 1.796426E+01
 1.800793E+01
 1.805544E+01
 1.810655E+01
 1.816049E+01
 1.821686E+01
 1.827513E+01
 1.833487E+01
 1.839580E+01
 1.845766E+01
 1.852025E+01
 1.858333E+01
 1.864669E+01
 1.871008E+01
 1.877329E+01
 1.883606E+01
 1.889817E+01
 1.895941E+01
 1.901974E+01
 1.907913E+01
 1.913754E+01
 1.919495E+01
 1.925132E+01
 1.930663E+01
 1.936083E+01
 1.941391E+01
 1.946585E+01
 1.951658E+01
 1.956605E+01
 1.961418E+01
 1.966088E+01
 1.970611E+01
 1.974974E+01
 1.979165E+01
 1.983195E+01
 1.987039E+01
 1.990693E+01
 1.994165E+01
 1.997513E+01
 2.000811E+01
 2.004132E+01
 2.007565E+01
 2.011134E+01
 2.014963E+01
 2.019108E+01
 2.023642E+01
 2.028033E+01
 2.034132E+01
 2.040058E+01
 2.046304E+01
 2.052765E+01
 2.059337E+01
 2.065929E+01
 2.072396E+01
 2.078636E+01
 2.084575E+01
 2.090090E+01
 2.095096E+01
 2.099590E+01
 2.103595E+01
 2.107131E+01
 2.110219E+01
 2.112874E+01
 2.115121E+01
 2.116984E+01
 2.118474E+01
 2.119609E+01
 2.120437E+01
 2.121003E+01
 2.121384E+01
 2.121657E+01
 2.121893E+01
 2.122168E+01
 2.122553E+01
 2.123106E+01
 2.123942E+01
 2.125089E+01
 2.127565E+01
 2.130732E+01
 2.134486E+01
 2.138709E+01
 2.143223E+01
 2.147876E+01
 2.152513E+01
 2.156981E+01
 2.161132E+01
 2.164811E+01
 2.168794E+01
 2.171813E+01
 2.174010E+01
 2.175535E+01
 2.176525E+01
 2.177160E+01
 2.177549E+01
 2.177854E+01
 2.178221E+01
 2.178797E+01
 2.179686E+01
 2.180810E+01
 2.182067E+01
 2.183328E+01
 2.184482E+01
 2.185414E+01
 2.186008E+01
 2.186129E+01
 2.185706E+01
 2.184581E+01
 2.182703E+01
 2.180127E+01
 2.176964E+01
 2.173293E+01
 2.169230E+01
 2.164878E+01
 2.160337E+01
 2.155712E+01
 2.151107E+01
 2.146619E+01
 2.142327E+01
 2.138204E+01
 2.134198E+01
 2.130257E+01
 2.126328E+01
 2.124362E+01
 2.118297E+01
 2.114089E+01
 2.109685E+01
 2.105028E+01
 2.100079E+01
 2.094835E+01
 2.089311E+01
 2.083505E+01
 2.077432E+01
 2.071105E+01
 2.064530E+01
 2.057716E+01
 2.050671E+01
 2.043405E+01
 2.035932E+01
 2.028286E+01
 2.020509E+01
 2.012639E+01
 2.004716E+01
 1.996784E+01
 1.988880E+01
 1.981044E+01
 1.973317E+01
 1.965742E+01
 1.958336E+01
 1.951049E+01
 1.943807E+01
 1.936537E+01
 1.929168E+01
 1.921627E+01
 1.913844E+01
 1.905743E+01
 1.897254E+01
 1.888304E+01
 1.878848E+01
 1.868946E+01
 1.858665E+01
 1.848102E+01
 1.837334E+01
 1.826444E+01
 1.815513E+01
 1.804623E+01
 1.793857E+01
 1.783294E+01
 1.773002E+01
 1.762973E+01
 1.753182E+01
 1.743603E+01
 1.734211E+01
 1.724982E+01
 1.715885E+01
 1.706913E+01
 1.698022E+01
 1.689194E+01
 1.680394E+01
 1.671543E+01
 1.664151E+01
 1.653334E+01
 1.643797E+01
 1.633855E+01
 1.623417E+01
 1.612397E+01
 1.600703E+01
 1.588243E+01
 1.575007E+01
 1.561213E+01
 1.547162E+01
 1.533151E+01
 1.519476E+01
 1.506436E+01
 1.494326E+01
 1.483442E+01
 1.474084E+01
 1.466544E+01
 1.463550E+01
 1.461122E+01
 1.459298E+01
 1.458115E+01
 1.457609E+01
 1.457818E+01
 1.458779E+01
 1.460529E+01
 1.463105E+01
 1.466544E+01
