    0.10000E+01    0.72449E+03    0.12000E+03    0.20000E+01    0.85000E+00    0.00000E+00    0.00000E+00    0.00000E+00    0.00000E+00    0.00000E+00    0.00000E+00    0.00000E+00    0.10000E+01    0.30000E+01    0.10000E+01    0.30000E+00    0.00000E+00    0.00000E+00    0.00000E+00    0.00000E+00    0.17260E+03    0.15000E+00    0.12145E+01
    0.10000E+01    0.72842E+03    0.13000E+03    0.20000E+01    0.85000E+00    0.00000E+00    0.00000E+00    0.00000E+00    0.00000E+00    0.00000E+00    0.00000E+00    0.00000E+00    0.10000E+01    0.30000E+01    0.10000E+01    0.30000E+00    0.00000E+00    0.00000E+00    0.00000E+00    0.00000E+00    0.17260E+03    0.15000E+00    0.12145E+01
    0.10000E+01    0.73436E+03    0.14000E+03    0.20000E+01    0.85000E+00    0.00000E+00    0.00000E+00    0.00000E+00    0.00000E+00    0.00000E+00    0.00000E+00    0.00000E+00    0.10000E+01    0.30000E+01    0.10000E+01    0.30000E+00    0.00000E+00    0.00000E+00    0.00000E+00    0.00000E+00    0.17260E+03    0.15000E+00    0.12145E+01
    0.10000E+01    0.74161E+03    0.15000E+03    0.20000E+01    0.85000E+00    0.00000E+00    0.00000E+00    0.00000E+00    0.00000E+00    0.00000E+00    0.00000E+00    0.00000E+00    0.10000E+01    0.30000E+01    0.10000E+01    0.30000E+00    0.00000E+00    0.00000E+00    0.00000E+00    0.00000E+00    0.17260E+03    0.15000E+00    0.12145E+01
    0.10000E+01    0.74958E+03    0.16000E+03    0.20000E+01    0.85000E+00    0.00000E+00    0.00000E+00    0.00000E+00    0.00000E+00    0.00000E+00    0.00000E+00    0.00000E+00    0.10000E+01    0.30000E+01    0.10000E+01    0.30000E+00    0.00000E+00    0.00000E+00    0.00000E+00    0.00000E+00    0.17260E+03    0.15000E+00    0.12145E+01
    0.10000E+01    0.75815E+03    0.17000E+03    0.20000E+01    0.85000E+00    0.00000E+00    0.00000E+00    0.00000E+00    0.00000E+00    0.00000E+00    0.00000E+00    0.00000E+00    0.10000E+01    0.30000E+01    0.10000E+01    0.30000E+00    0.00000E+00    0.00000E+00    0.00000E+00    0.00000E+00    0.17260E+03    0.15000E+00    0.12145E+01
    0.10000E+01    0.76696E+03    0.18000E+03    0.20000E+01    0.85000E+00    0.00000E+00    0.00000E+00    0.00000E+00    0.00000E+00    0.00000E+00    0.00000E+00    0.00000E+00    0.10000E+01    0.30000E+01    0.10000E+01    0.30000E+00    0.00000E+00    0.00000E+00    0.00000E+00    0.00000E+00    0.17260E+03    0.15000E+00    0.12145E+01
    0.10000E+01    0.77587E+03    0.19000E+03    0.20000E+01    0.85000E+00    0.00000E+00    0.00000E+00    0.00000E+00    0.00000E+00    0.00000E+00    0.00000E+00    0.00000E+00    0.10000E+01    0.30000E+01    0.10000E+01    0.30000E+00    0.00000E+00    0.00000E+00    0.00000E+00    0.00000E+00    0.17260E+03    0.15000E+00    0.12145E+01
    0.10000E+01    0.73338E+03    0.10000E+03    0.21000E+01    0.85000E+00    0.00000E+00    0.00000E+00    0.00000E+00    0.00000E+00    0.00000E+00    0.00000E+00    0.00000E+00    0.10000E+01    0.30000E+01    0.10000E+01    0.30000E+00    0.00000E+00    0.00000E+00    0.00000E+00    0.00000E+00    0.17260E+03    0.15000E+00    0.12145E+01
    0.10000E+01    0.72199E+03    0.11000E+03    0.21000E+01    0.85000E+00    0.00000E+00    0.00000E+00    0.00000E+00    0.00000E+00    0.00000E+00    0.00000E+00    0.00000E+00    0.10000E+01    0.30000E+01    0.10000E+01    0.30000E+00    0.00000E+00    0.00000E+00    0.00000E+00    0.00000E+00    0.17260E+03    0.15000E+00    0.12145E+01
    0.10000E+01    0.71684E+03    0.12000E+03    0.21000E+01    0.85000E+00    0.00000E+00    0.00000E+00    0.00000E+00    0.00000E+00    0.00000E+00    0.00000E+00    0.00000E+00    0.10000E+01    0.30000E+01    0.10000E+01    0.30000E+00    0.00000E+00    0.00000E+00    0.00000E+00    0.00000E+00    0.17260E+03    0.15000E+00    0.12145E+01
    0.10000E+01    0.71591E+03    0.13000E+03    0.21000E+01    0.85000E+00    0.00000E+00    0.00000E+00    0.00000E+00    0.00000E+00    0.00000E+00    0.00000E+00    0.00000E+00    0.10000E+01    0.30000E+01    0.10000E+01    0.30000E+00    0.00000E+00    0.00000E+00    0.00000E+00    0.00000E+00    0.17260E+03    0.15000E+00    0.12145E+01
    0.10000E+01    0.71794E+03    0.14000E+03    0.21000E+01    0.85000E+00    0.00000E+00    0.00000E+00    0.00000E+00    0.00000E+00    0.00000E+00    0.00000E+00    0.00000E+00    0.10000E+01    0.30000E+01    0.10000E+01    0.30000E+00    0.00000E+00    0.00000E+00    0.00000E+00    0.00000E+00    0.17260E+03    0.15000E+00    0.12145E+01
    0.10000E+01    0.72203E+03    0.15000E+03    0.21000E+01    0.85000E+00    0.00000E+00    0.00000E+00    0.00000E+00    0.00000E+00    0.00000E+00    0.00000E+00    0.00000E+00    0.10000E+01    0.30000E+01    0.10000E+01    0.30000E+00    0.00000E+00    0.00000E+00    0.00000E+00    0.00000E+00    0.17260E+03    0.15000E+00    0.12145E+01
    0.10000E+01    0.72732E+03    0.16000E+03    0.21000E+01    0.85000E+00    0.00000E+00    0.00000E+00    0.00000E+00    0.00000E+00    0.00000E+00    0.00000E+00    0.00000E+00    0.10000E+01    0.30000E+01    0.10000E+01    0.30000E+00    0.00000E+00    0.00000E+00    0.00000E+00    0.00000E+00    0.17260E+03    0.15000E+00    0.12145E+01
    0.10000E+01    0.73370E+03    0.17000E+03    0.21000E+01    0.85000E+00    0.00000E+00    0.00000E+00    0.00000E+00    0.00000E+00    0.00000E+00    0.00000E+00    0.00000E+00    0.10000E+01    0.30000E+01    0.10000E+01    0.30000E+00    0.00000E+00    0.00000E+00    0.00000E+00    0.00000E+00    0.17260E+03    0.15000E+00    0.12145E+01
    0.10000E+01    0.74071E+03    0.18000E+03    0.21000E+01    0.85000E+00    0.00000E+00    0.00000E+00    0.00000E+00    0.00000E+00    0.00000E+00    0.00000E+00    0.00000E+00    0.10000E+01    0.30000E+01    0.10000E+01    0.30000E+00    0.00000E+00    0.00000E+00    0.00000E+00    0.00000E+00    0.17260E+03    0.15000E+00    0.12145E+01
    0.10000E+01    0.74814E+03    0.19000E+03    0.21000E+01    0.85000E+00    0.00000E+00    0.00000E+00    0.00000E+00    0.00000E+00    0.00000E+00    0.00000E+00    0.00000E+00    0.10000E+01    0.30000E+01    0.10000E+01    0.30000E+00    0.00000E+00    0.00000E+00    0.00000E+00    0.00000E+00    0.17260E+03    0.15000E+00    0.12145E+01
    0.10000E+01    0.75578E+03    0.10000E+03    0.22000E+01    0.85000E+00    0.00000E+00    0.00000E+00    0.00000E+00    0.00000E+00    0.00000E+00    0.00000E+00    0.00000E+00    0.10000E+01    0.30000E+01    0.10000E+01    0.30000E+00    0.00000E+00    0.00000E+00    0.00000E+00    0.00000E+00    0.17260E+03    0.15000E+00    0.12145E+01
    0.10000E+01    0.73423E+03    0.11000E+03    0.22000E+01    0.85000E+00    0.00000E+00    0.00000E+00    0.00000E+00    0.00000E+00    0.00000E+00    0.00000E+00    0.00000E+00    0.10000E+01    0.30000E+01    0.10000E+01    0.30000E+00    0.00000E+00    0.00000E+00    0.00000E+00    0.00000E+00    0.17260E+03    0.15000E+00    0.12145E+01
    0.10000E+01    0.72115E+03    0.12000E+03    0.22000E+01    0.85000E+00    0.00000E+00    0.00000E+00    0.00000E+00    0.00000E+00    0.00000E+00    0.00000E+00    0.00000E+00    0.10000E+01    0.30000E+01    0.10000E+01    0.30000E+00    0.00000E+00    0.00000E+00    0.00000E+00    0.00000E+00    0.17260E+03    0.15000E+00    0.12145E+01
    0.10000E+01    0.71385E+03    0.13000E+03    0.22000E+01    0.85000E+00    0.00000E+00    0.00000E+00    0.00000E+00    0.00000E+00    0.00000E+00    0.00000E+00    0.00000E+00    0.10000E+01    0.30000E+01    0.10000E+01    0.30000E+00    0.00000E+00    0.00000E+00    0.00000E+00    0.00000E+00    0.17260E+03    0.15000E+00    0.12145E+01
    0.10000E+01    0.71071E+03    0.14000E+03    0.22000E+01    0.85000E+00    0.00000E+00    0.00000E+00    0.00000E+00    0.00000E+00    0.00000E+00    0.00000E+00    0.00000E+00    0.10000E+01    0.30000E+01    0.10000E+01    0.30000E+00    0.00000E+00    0.00000E+00    0.00000E+00    0.00000E+00    0.17260E+03    0.15000E+00    0.12145E+01
    0.10000E+01    0.71057E+03    0.15000E+03    0.22000E+01    0.85000E+00    0.00000E+00    0.00000E+00    0.00000E+00    0.00000E+00    0.00000E+00    0.00000E+00    0.00000E+00    0.10000E+01    0.30000E+01    0.10000E+01    0.30000E+00    0.00000E+00    0.00000E+00    0.00000E+00    0.00000E+00    0.17260E+03    0.15000E+00    0.12145E+01
    0.10000E+01    0.71224E+03    0.16000E+03    0.22000E+01    0.85000E+00    0.00000E+00    0.00000E+00    0.00000E+00    0.00000E+00    0.00000E+00    0.00000E+00    0.00000E+00    0.10000E+01    0.30000E+01    0.10000E+01    0.30000E+00    0.00000E+00    0.00000E+00    0.00000E+00    0.00000E+00    0.17260E+03    0.15000E+00    0.12145E+01
    0.10000E+01    0.71561E+03    0.17000E+03    0.22000E+01    0.85000E+00    0.00000E+00    0.00000E+00    0.00000E+00    0.00000E+00    0.00000E+00    0.00000E+00    0.00000E+00    0.10000E+01    0.30000E+01    0.10000E+01    0.30000E+00    0.00000E+00    0.00000E+00    0.00000E+00    0.00000E+00    0.17260E+03    0.15000E+00    0.12145E+01
    0.10000E+01    0.72011E+03    0.18000E+03    0.22000E+01    0.85000E+00    0.00000E+00    0.00000E+00    0.00000E+00    0.00000E+00    0.00000E+00    0.00000E+00    0.00000E+00    0.10000E+01    0.30000E+01    0.10000E+01    0.30000E+00    0.00000E+00    0.00000E+00    0.00000E+00    0.00000E+00    0.17260E+03    0.15000E+00    0.12145E+01
    0.10000E+01    0.72543E+03    0.19000E+03    0.22000E+01    0.85000E+00    0.00000E+00    0.00000E+00    0.00000E+00    0.00000E+00    0.00000E+00    0.00000E+00    0.00000E+00    0.10000E+01    0.30000E+01    0.10000E+01    0.30000E+00    0.00000E+00    0.00000E+00    0.00000E+00    0.00000E+00    0.17260E+03    0.15000E+00    0.12145E+01
    0.10000E+01    0.79851E+03    0.10000E+03    0.23000E+01    0.85000E+00    0.00000E+00    0.00000E+00    0.00000E+00    0.00000E+00    0.00000E+00    0.00000E+00    0.00000E+00    0.10000E+01    0.30000E+01    0.10000E+01    0.30000E+00    0.00000E+00    0.00000E+00    0.00000E+00    0.00000E+00    0.17260E+03    0.15000E+00    0.12145E+01
    0.10000E+01    0.76406E+03    0.11000E+03    0.23000E+01    0.85000E+00    0.00000E+00    0.00000E+00    0.00000E+00    0.00000E+00    0.00000E+00    0.00000E+00    0.00000E+00    0.10000E+01    0.30000E+01    0.10000E+01    0.30000E+00    0.00000E+00    0.00000E+00    0.00000E+00    0.00000E+00    0.17260E+03    0.15000E+00    0.12145E+01
    0.10000E+01    0.74086E+03    0.12000E+03    0.23000E+01    0.85000E+00    0.00000E+00    0.00000E+00    0.00000E+00    0.00000E+00    0.00000E+00    0.00000E+00    0.00000E+00    0.10000E+01    0.30000E+01    0.10000E+01    0.30000E+00    0.00000E+00    0.00000E+00    0.00000E+00    0.00000E+00    0.17260E+03    0.15000E+00    0.12145E+01
    0.10000E+01    0.72536E+03    0.13000E+03    0.23000E+01    0.85000E+00    0.00000E+00    0.00000E+00    0.00000E+00    0.00000E+00    0.00000E+00    0.00000E+00    0.00000E+00    0.10000E+01    0.30000E+01    0.10000E+01    0.30000E+00    0.00000E+00    0.00000E+00    0.00000E+00    0.00000E+00    0.17260E+03    0.15000E+00    0.12145E+01
    0.10000E+01    0.71550E+03    0.14000E+03    0.23000E+01    0.85000E+00    0.00000E+00    0.00000E+00    0.00000E+00    0.00000E+00    0.00000E+00    0.00000E+00    0.00000E+00    0.10000E+01    0.30000E+01    0.10000E+01    0.30000E+00    0.00000E+00    0.00000E+00    0.00000E+00    0.00000E+00    0.17260E+03    0.15000E+00    0.12145E+01
    0.10000E+01    0.70982E+03    0.15000E+03    0.23000E+01    0.85000E+00    0.00000E+00    0.00000E+00    0.00000E+00    0.00000E+00    0.00000E+00    0.00000E+00    0.00000E+00    0.10000E+01    0.30000E+01    0.10000E+01    0.30000E+00    0.00000E+00    0.00000E+00    0.00000E+00    0.00000E+00    0.17260E+03    0.15000E+00    0.12145E+01
    0.10000E+01    0.70672E+03    0.16000E+03    0.23000E+01    0.85000E+00    0.00000E+00    0.00000E+00    0.00000E+00    0.00000E+00    0.00000E+00    0.00000E+00    0.00000E+00    0.10000E+01    0.30000E+01    0.10000E+01    0.30000E+00    0.00000E+00    0.00000E+00    0.00000E+00    0.00000E+00    0.17260E+03    0.15000E+00    0.12145E+01
    0.10000E+01    0.70606E+03    0.17000E+03    0.23000E+01    0.85000E+00    0.00000E+00    0.00000E+00    0.00000E+00    0.00000E+00    0.00000E+00    0.00000E+00    0.00000E+00    0.10000E+01    0.30000E+01    0.10000E+01    0.30000E+00    0.00000E+00    0.00000E+00    0.00000E+00    0.00000E+00    0.17260E+03    0.15000E+00    0.12145E+01
    0.10000E+01    0.70718E+03    0.18000E+03    0.23000E+01    0.85000E+00    0.00000E+00    0.00000E+00    0.00000E+00    0.00000E+00    0.00000E+00    0.00000E+00    0.00000E+00    0.10000E+01    0.30000E+01    0.10000E+01    0.30000E+00    0.00000E+00    0.00000E+00    0.00000E+00    0.00000E+00    0.17260E+03    0.15000E+00    0.12145E+01
    0.10000E+01    0.70962E+03    0.19000E+03    0.23000E+01    0.85000E+00    0.00000E+00    0.00000E+00    0.00000E+00    0.00000E+00    0.00000E+00    0.00000E+00    0.00000E+00    0.10000E+01    0.30000E+01    0.10000E+01    0.30000E+00    0.00000E+00    0.00000E+00    0.00000E+00    0.00000E+00    0.17260E+03    0.15000E+00    0.12145E+01
    0.10000E+01    0.86671E+03    0.10000E+03    0.24000E+01    0.85000E+00    0.00000E+00    0.00000E+00    0.00000E+00    0.00000E+00    0.00000E+00    0.00000E+00    0.00000E+00    0.10000E+01    0.30000E+01    0.10000E+01    0.30000E+00    0.00000E+00    0.00000E+00    0.00000E+00    0.00000E+00    0.17260E+03    0.15000E+00    0.12145E+01
    0.10000E+01    0.81609E+03    0.11000E+03    0.24000E+01    0.85000E+00    0.00000E+00    0.00000E+00    0.00000E+00    0.00000E+00    0.00000E+00    0.00000E+00    0.00000E+00    0.10000E+01    0.30000E+01    0.10000E+01    0.30000E+00    0.00000E+00    0.00000E+00    0.00000E+00    0.00000E+00    0.17260E+03    0.15000E+00    0.12145E+01
    0.10000E+01    0.78012E+03    0.12000E+03    0.24000E+01    0.85000E+00    0.00000E+00    0.00000E+00    0.00000E+00    0.00000E+00    0.00000E+00    0.00000E+00    0.00000E+00    0.10000E+01    0.30000E+01    0.10000E+01    0.30000E+00    0.00000E+00    0.00000E+00    0.00000E+00    0.00000E+00    0.17260E+03    0.15000E+00    0.12145E+01
    0.10000E+01    0.75420E+03    0.13000E+03    0.24000E+01    0.85000E+00    0.00000E+00    0.00000E+00    0.00000E+00    0.00000E+00    0.00000E+00    0.00000E+00    0.00000E+00    0.10000E+01    0.30000E+01    0.10000E+01    0.30000E+00    0.00000E+00    0.00000E+00    0.00000E+00    0.00000E+00    0.17260E+03    0.15000E+00    0.12145E+01
    0.10000E+01    0.73577E+03    0.14000E+03    0.24000E+01    0.85000E+00    0.00000E+00    0.00000E+00    0.00000E+00    0.00000E+00    0.00000E+00    0.00000E+00    0.00000E+00    0.10000E+01    0.30000E+01    0.10000E+01    0.30000E+00    0.00000E+00    0.00000E+00    0.00000E+00    0.00000E+00    0.17260E+03    0.15000E+00    0.12145E+01
    0.10000E+01    0.72296E+03    0.15000E+03    0.24000E+01    0.85000E+00    0.00000E+00    0.00000E+00    0.00000E+00    0.00000E+00    0.00000E+00    0.00000E+00    0.00000E+00    0.10000E+01    0.30000E+01    0.10000E+01    0.30000E+00    0.00000E+00    0.00000E+00    0.00000E+00    0.00000E+00    0.17260E+03    0.15000E+00    0.12145E+01
    0.10000E+01    0.71367E+03    0.16000E+03    0.24000E+01    0.85000E+00    0.00000E+00    0.00000E+00    0.00000E+00    0.00000E+00    0.00000E+00    0.00000E+00    0.00000E+00    0.10000E+01    0.30000E+01    0.10000E+01    0.30000E+00    0.00000E+00    0.00000E+00    0.00000E+00    0.00000E+00    0.17260E+03    0.15000E+00    0.12145E+01
    0.10000E+01    0.70775E+03    0.17000E+03    0.24000E+01    0.85000E+00    0.00000E+00    0.00000E+00    0.00000E+00    0.00000E+00    0.00000E+00    0.00000E+00    0.00000E+00    0.10000E+01    0.30000E+01    0.10000E+01    0.30000E+00    0.00000E+00    0.00000E+00    0.00000E+00    0.00000E+00    0.17260E+03    0.15000E+00    0.12145E+01
    0.10000E+01    0.70443E+03    0.18000E+03    0.24000E+01    0.85000E+00    0.00000E+00    0.00000E+00    0.00000E+00    0.00000E+00    0.00000E+00    0.00000E+00    0.00000E+00    0.10000E+01    0.30000E+01    0.10000E+01    0.30000E+00    0.00000E+00    0.00000E+00    0.00000E+00    0.00000E+00    0.17260E+03    0.15000E+00    0.12145E+01
    0.10000E+01    0.70304E+03    0.19000E+03    0.24000E+01    0.85000E+00    0.00000E+00    0.00000E+00    0.00000E+00    0.00000E+00    0.00000E+00    0.00000E+00    0.00000E+00    0.10000E+01    0.30000E+01    0.10000E+01    0.30000E+00    0.00000E+00    0.00000E+00    0.00000E+00    0.00000E+00    0.17260E+03    0.15000E+00    0.12145E+01
    0.10000E+01    0.96648E+03    0.10000E+03    0.25000E+01    0.85000E+00    0.00000E+00    0.00000E+00    0.00000E+00    0.00000E+00    0.00000E+00    0.00000E+00    0.00000E+00    0.10000E+01    0.30000E+01    0.10000E+01    0.30000E+00    0.00000E+00    0.00000E+00    0.00000E+00    0.00000E+00    0.17260E+03    0.15000E+00    0.12145E+01
    0.10000E+01    0.89582E+03    0.11000E+03    0.25000E+01    0.85000E+00    0.00000E+00    0.00000E+00    0.00000E+00    0.00000E+00    0.00000E+00    0.00000E+00    0.00000E+00    0.10000E+01    0.30000E+01    0.10000E+01    0.30000E+00    0.00000E+00    0.00000E+00    0.00000E+00    0.00000E+00    0.17260E+03    0.15000E+00    0.12145E+01
    0.10000E+01    0.84391E+03    0.12000E+03    0.25000E+01    0.85000E+00    0.00000E+00    0.00000E+00    0.00000E+00    0.00000E+00    0.00000E+00    0.00000E+00    0.00000E+00    0.10000E+01    0.30000E+01    0.10000E+01    0.30000E+00    0.00000E+00    0.00000E+00    0.00000E+00    0.00000E+00    0.17260E+03    0.15000E+00    0.12145E+01
    0.10000E+01    0.80492E+03    0.13000E+03    0.25000E+01    0.85000E+00    0.00000E+00    0.00000E+00    0.00000E+00    0.00000E+00    0.00000E+00    0.00000E+00    0.00000E+00    0.10000E+01    0.30000E+01    0.10000E+01    0.30000E+00    0.00000E+00    0.00000E+00    0.00000E+00    0.00000E+00    0.17260E+03    0.15000E+00    0.12145E+01
    0.10000E+01    0.77566E+03    0.14000E+03    0.25000E+01    0.85000E+00    0.00000E+00    0.00000E+00    0.00000E+00    0.00000E+00    0.00000E+00    0.00000E+00    0.00000E+00    0.10000E+01    0.30000E+01    0.10000E+01    0.30000E+00    0.00000E+00    0.00000E+00    0.00000E+00    0.00000E+00    0.17260E+03    0.15000E+00    0.12145E+01
    0.10000E+01    0.75382E+03    0.15000E+03    0.25000E+01    0.85000E+00    0.00000E+00    0.00000E+00    0.00000E+00    0.00000E+00    0.00000E+00    0.00000E+00    0.00000E+00    0.10000E+01    0.30000E+01    0.10000E+01    0.30000E+00    0.00000E+00    0.00000E+00    0.00000E+00    0.00000E+00    0.17260E+03    0.15000E+00    0.12145E+01
    0.10000E+01    0.73662E+03    0.16000E+03    0.25000E+01    0.85000E+00    0.00000E+00    0.00000E+00    0.00000E+00    0.00000E+00    0.00000E+00    0.00000E+00    0.00000E+00    0.10000E+01    0.30000E+01    0.10000E+01    0.30000E+00    0.00000E+00    0.00000E+00    0.00000E+00    0.00000E+00    0.17260E+03    0.15000E+00    0.12145E+01
    0.10000E+01    0.72396E+03    0.17000E+03    0.25000E+01    0.85000E+00    0.00000E+00    0.00000E+00    0.00000E+00    0.00000E+00    0.00000E+00    0.00000E+00    0.00000E+00    0.10000E+01    0.30000E+01    0.10000E+01    0.30000E+00    0.00000E+00    0.00000E+00    0.00000E+00    0.00000E+00    0.17260E+03    0.15000E+00    0.12145E+01
    0.10000E+01    0.71489E+03    0.18000E+03    0.25000E+01    0.85000E+00    0.00000E+00    0.00000E+00    0.00000E+00    0.00000E+00    0.00000E+00    0.00000E+00    0.00000E+00    0.10000E+01    0.30000E+01    0.10000E+01    0.30000E+00    0.00000E+00    0.00000E+00    0.00000E+00    0.00000E+00    0.17260E+03    0.15000E+00    0.12145E+01
    0.10000E+01    0.70853E+03    0.19000E+03    0.25000E+01    0.85000E+00    0.00000E+00    0.00000E+00    0.00000E+00    0.00000E+00    0.00000E+00    0.00000E+00    0.00000E+00    0.10000E+01    0.30000E+01    0.10000E+01    0.30000E+00    0.00000E+00    0.00000E+00    0.00000E+00    0.00000E+00    0.17260E+03    0.15000E+00    0.12145E+01
    0.10000E+01    0.11050E+04    0.10000E+03    0.26000E+01    0.85000E+00    0.00000E+00    0.00000E+00    0.00000E+00    0.00000E+00    0.00000E+00    0.00000E+00    0.00000E+00    0.10000E+01    0.30000E+01    0.10000E+01    0.30000E+00    0.00000E+00    0.00000E+00    0.00000E+00    0.00000E+00    0.17260E+03    0.15000E+00    0.12145E+01
    0.10000E+01    0.10098E+04    0.11000E+03    0.26000E+01    0.85000E+00    0.00000E+00    0.00000E+00    0.00000E+00    0.00000E+00    0.00000E+00    0.00000E+00    0.00000E+00    0.10000E+01    0.30000E+01    0.10000E+01    0.30000E+00    0.00000E+00    0.00000E+00    0.00000E+00    0.00000E+00    0.17260E+03    0.15000E+00    0.12145E+01
    0.10000E+01    0.93818E+03    0.12000E+03    0.26000E+01    0.85000E+00    0.00000E+00    0.00000E+00    0.00000E+00    0.00000E+00    0.00000E+00    0.00000E+00    0.00000E+00    0.10000E+01    0.30000E+01    0.10000E+01    0.30000E+00    0.00000E+00    0.00000E+00    0.00000E+00    0.00000E+00    0.17260E+03    0.15000E+00    0.12145E+01
    0.10000E+01    0.88297E+03    0.13000E+03    0.26000E+01    0.85000E+00    0.00000E+00    0.00000E+00    0.00000E+00    0.00000E+00    0.00000E+00    0.00000E+00    0.00000E+00    0.10000E+01    0.30000E+01    0.10000E+01    0.30000E+00    0.00000E+00    0.00000E+00    0.00000E+00    0.00000E+00    0.17260E+03    0.15000E+00    0.12145E+01
    0.10000E+01    0.84019E+03    0.14000E+03    0.26000E+01    0.85000E+00    0.00000E+00    0.00000E+00    0.00000E+00    0.00000E+00    0.00000E+00    0.00000E+00    0.00000E+00    0.10000E+01    0.30000E+01    0.10000E+01    0.30000E+00    0.00000E+00    0.00000E+00    0.00000E+00    0.00000E+00    0.17260E+03    0.15000E+00    0.12145E+01
    0.10000E+01    0.80703E+03    0.15000E+03    0.26000E+01    0.85000E+00    0.00000E+00    0.00000E+00    0.00000E+00    0.00000E+00    0.00000E+00    0.00000E+00    0.00000E+00    0.10000E+01    0.30000E+01    0.10000E+01    0.30000E+00    0.00000E+00    0.00000E+00    0.00000E+00    0.00000E+00    0.17260E+03    0.15000E+00    0.12145E+01
    0.10000E+01    0.77985E+03    0.16000E+03    0.26000E+01    0.85000E+00    0.00000E+00    0.00000E+00    0.00000E+00    0.00000E+00    0.00000E+00    0.00000E+00    0.00000E+00    0.10000E+01    0.30000E+01    0.10000E+01    0.30000E+00    0.00000E+00    0.00000E+00    0.00000E+00    0.00000E+00    0.17260E+03    0.15000E+00    0.12145E+01
    0.10000E+01    0.75864E+03    0.17000E+03    0.26000E+01    0.85000E+00    0.00000E+00    0.00000E+00    0.00000E+00    0.00000E+00    0.00000E+00    0.00000E+00    0.00000E+00    0.10000E+01    0.30000E+01    0.10000E+01    0.30000E+00    0.00000E+00    0.00000E+00    0.00000E+00    0.00000E+00    0.17260E+03    0.15000E+00    0.12145E+01
    0.10000E+01    0.74225E+03    0.18000E+03    0.26000E+01    0.85000E+00    0.00000E+00    0.00000E+00    0.00000E+00    0.00000E+00    0.00000E+00    0.00000E+00    0.00000E+00    0.10000E+01    0.30000E+01    0.10000E+01    0.30000E+00    0.00000E+00    0.00000E+00    0.00000E+00    0.00000E+00    0.17260E+03    0.15000E+00    0.12145E+01
    0.10000E+01    0.72953E+03    0.19000E+03    0.26000E+01    0.85000E+00    0.00000E+00    0.00000E+00    0.00000E+00    0.00000E+00    0.00000E+00    0.00000E+00    0.00000E+00    0.10000E+01    0.30000E+01    0.10000E+01    0.30000E+00    0.00000E+00    0.00000E+00    0.00000E+00    0.00000E+00    0.17260E+03    0.15000E+00    0.12145E+01
    0.10000E+01    0.12903E+04    0.10000E+03    0.27000E+01    0.85000E+00    0.00000E+00    0.00000E+00    0.00000E+00    0.00000E+00    0.00000E+00    0.00000E+00    0.00000E+00    0.10000E+01    0.30000E+01    0.10000E+01    0.30000E+00    0.00000E+00    0.00000E+00    0.00000E+00    0.00000E+00    0.17260E+03    0.15000E+00    0.12145E+01
    0.10000E+01    0.11654E+04    0.11000E+03    0.27000E+01    0.85000E+00    0.00000E+00    0.00000E+00    0.00000E+00    0.00000E+00    0.00000E+00    0.00000E+00    0.00000E+00    0.10000E+01    0.30000E+01    0.10000E+01    0.30000E+00    0.00000E+00    0.00000E+00    0.00000E+00    0.00000E+00    0.17260E+03    0.15000E+00    0.12145E+01
    0.10000E+01    0.10699E+04    0.12000E+03    0.27000E+01    0.85000E+00    0.00000E+00    0.00000E+00    0.00000E+00    0.00000E+00    0.00000E+00    0.00000E+00    0.00000E+00    0.10000E+01    0.30000E+01    0.10000E+01    0.30000E+00    0.00000E+00    0.00000E+00    0.00000E+00    0.00000E+00    0.17260E+03    0.15000E+00    0.12145E+01
    0.10000E+01    0.99477E+03    0.13000E+03    0.27000E+01    0.85000E+00    0.00000E+00    0.00000E+00    0.00000E+00    0.00000E+00    0.00000E+00    0.00000E+00    0.00000E+00    0.10000E+01    0.30000E+01    0.10000E+01    0.30000E+00    0.00000E+00    0.00000E+00    0.00000E+00    0.00000E+00    0.17260E+03    0.15000E+00    0.12145E+01
    0.10000E+01    0.93532E+03    0.14000E+03    0.27000E+01    0.85000E+00    0.00000E+00    0.00000E+00    0.00000E+00    0.00000E+00    0.00000E+00    0.00000E+00    0.00000E+00    0.10000E+01    0.30000E+01    0.10000E+01    0.30000E+00    0.00000E+00    0.00000E+00    0.00000E+00    0.00000E+00    0.17260E+03    0.15000E+00    0.12145E+01
    0.10000E+01    0.88811E+03    0.15000E+03    0.27000E+01    0.85000E+00    0.00000E+00    0.00000E+00    0.00000E+00    0.00000E+00    0.00000E+00    0.00000E+00    0.00000E+00    0.10000E+01    0.30000E+01    0.10000E+01    0.30000E+00    0.00000E+00    0.00000E+00    0.00000E+00    0.00000E+00    0.17260E+03    0.15000E+00    0.12145E+01
    0.10000E+01    0.84850E+03    0.16000E+03    0.27000E+01    0.85000E+00    0.00000E+00    0.00000E+00    0.00000E+00    0.00000E+00    0.00000E+00    0.00000E+00    0.00000E+00    0.10000E+01    0.30000E+01    0.10000E+01    0.30000E+00    0.00000E+00    0.00000E+00    0.00000E+00    0.00000E+00    0.17260E+03    0.15000E+00    0.12145E+01
    0.10000E+01    0.81658E+03    0.17000E+03    0.27000E+01    0.85000E+00    0.00000E+00    0.00000E+00    0.00000E+00    0.00000E+00    0.00000E+00    0.00000E+00    0.00000E+00    0.10000E+01    0.30000E+01    0.10000E+01    0.30000E+00    0.00000E+00    0.00000E+00    0.00000E+00    0.00000E+00    0.17260E+03    0.15000E+00    0.12145E+01
    0.10000E+01    0.79099E+03    0.18000E+03    0.27000E+01    0.85000E+00    0.00000E+00    0.00000E+00    0.00000E+00    0.00000E+00    0.00000E+00    0.00000E+00    0.00000E+00    0.10000E+01    0.30000E+01    0.10000E+01    0.30000E+00    0.00000E+00    0.00000E+00    0.00000E+00    0.00000E+00    0.17260E+03    0.15000E+00    0.12145E+01
    0.10000E+01    0.77022E+03    0.19000E+03    0.27000E+01    0.85000E+00    0.00000E+00    0.00000E+00    0.00000E+00    0.00000E+00    0.00000E+00    0.00000E+00    0.00000E+00    0.10000E+01    0.30000E+01    0.10000E+01    0.30000E+00    0.00000E+00    0.00000E+00    0.00000E+00    0.00000E+00    0.17260E+03    0.15000E+00    0.12145E+01
    0.10000E+01    0.15315E+04    0.10000E+03    0.28000E+01    0.85000E+00    0.00000E+00    0.00000E+00    0.00000E+00    0.00000E+00    0.00000E+00    0.00000E+00    0.00000E+00    0.10000E+01    0.30000E+01    0.10000E+01    0.30000E+00    0.00000E+00    0.00000E+00    0.00000E+00    0.00000E+00    0.17260E+03    0.15000E+00    0.12145E+01
    0.10000E+01    0.13714E+04    0.11000E+03    0.28000E+01    0.85000E+00    0.00000E+00    0.00000E+00    0.00000E+00    0.00000E+00    0.00000E+00    0.00000E+00    0.00000E+00    0.10000E+01    0.30000E+01    0.10000E+01    0.30000E+00    0.00000E+00    0.00000E+00    0.00000E+00    0.00000E+00    0.17260E+03    0.15000E+00    0.12145E+01
    0.10000E+01    0.12470E+04    0.12000E+03    0.28000E+01    0.85000E+00    0.00000E+00    0.00000E+00    0.00000E+00    0.00000E+00    0.00000E+00    0.00000E+00    0.00000E+00    0.10000E+01    0.30000E+01    0.10000E+01    0.30000E+00    0.00000E+00    0.00000E+00    0.00000E+00    0.00000E+00    0.17260E+03    0.15000E+00    0.12145E+01
    0.10000E+01    0.11478E+04    0.13000E+03    0.28000E+01    0.85000E+00    0.00000E+00    0.00000E+00    0.00000E+00    0.00000E+00    0.00000E+00    0.00000E+00    0.00000E+00    0.10000E+01    0.30000E+01    0.10000E+01    0.30000E+00    0.00000E+00    0.00000E+00    0.00000E+00    0.00000E+00    0.17260E+03    0.15000E+00    0.12145E+01
    0.10000E+01    0.10680E+04    0.14000E+03    0.28000E+01    0.85000E+00    0.00000E+00    0.00000E+00    0.00000E+00    0.00000E+00    0.00000E+00    0.00000E+00    0.00000E+00    0.10000E+01    0.30000E+01    0.10000E+01    0.30000E+00    0.00000E+00    0.00000E+00    0.00000E+00    0.00000E+00    0.17260E+03    0.15000E+00    0.12145E+01
    0.10000E+01    0.10036E+04    0.15000E+03    0.28000E+01    0.85000E+00    0.00000E+00    0.00000E+00    0.00000E+00    0.00000E+00    0.00000E+00    0.00000E+00    0.00000E+00    0.10000E+01    0.30000E+01    0.10000E+01    0.30000E+00    0.00000E+00    0.00000E+00    0.00000E+00    0.00000E+00    0.17260E+03    0.15000E+00    0.12145E+01
    0.10000E+01    0.94866E+03    0.16000E+03    0.28000E+01    0.85000E+00    0.00000E+00    0.00000E+00    0.00000E+00    0.00000E+00    0.00000E+00    0.00000E+00    0.00000E+00    0.10000E+01    0.30000E+01    0.10000E+01    0.30000E+00    0.00000E+00    0.00000E+00    0.00000E+00    0.00000E+00    0.17260E+03    0.15000E+00    0.12145E+01
    0.10000E+01    0.90348E+03    0.17000E+03    0.28000E+01    0.85000E+00    0.00000E+00    0.00000E+00    0.00000E+00    0.00000E+00    0.00000E+00    0.00000E+00    0.00000E+00    0.10000E+01    0.30000E+01    0.10000E+01    0.30000E+00    0.00000E+00    0.00000E+00    0.00000E+00    0.00000E+00    0.17260E+03    0.15000E+00    0.12145E+01
    0.10000E+01    0.86644E+03    0.18000E+03    0.28000E+01    0.85000E+00    0.00000E+00    0.00000E+00    0.00000E+00    0.00000E+00    0.00000E+00    0.00000E+00    0.00000E+00    0.10000E+01    0.30000E+01    0.10000E+01    0.30000E+00    0.00000E+00    0.00000E+00    0.00000E+00    0.00000E+00    0.17260E+03    0.15000E+00    0.12145E+01
    0.10000E+01    0.83561E+03    0.19000E+03    0.28000E+01    0.85000E+00    0.00000E+00    0.00000E+00    0.00000E+00    0.00000E+00    0.00000E+00    0.00000E+00    0.00000E+00    0.10000E+01    0.30000E+01    0.10000E+01    0.30000E+00    0.00000E+00    0.00000E+00    0.00000E+00    0.00000E+00    0.17260E+03    0.15000E+00    0.12145E+01
    0.10000E+01    0.18380E+04    0.10000E+03    0.29000E+01    0.85000E+00    0.00000E+00    0.00000E+00    0.00000E+00    0.00000E+00    0.00000E+00    0.00000E+00    0.00000E+00    0.10000E+01    0.30000E+01    0.10000E+01    0.30000E+00    0.00000E+00    0.00000E+00    0.00000E+00    0.00000E+00    0.17260E+03    0.15000E+00    0.12145E+01
    0.10000E+01    0.16367E+04    0.11000E+03    0.29000E+01    0.85000E+00    0.00000E+00    0.00000E+00    0.00000E+00    0.00000E+00    0.00000E+00    0.00000E+00    0.00000E+00    0.10000E+01    0.30000E+01    0.10000E+01    0.30000E+00    0.00000E+00    0.00000E+00    0.00000E+00    0.00000E+00    0.17260E+03    0.15000E+00    0.12145E+01
    0.10000E+01    0.14784E+04    0.12000E+03    0.29000E+01    0.85000E+00    0.00000E+00    0.00000E+00    0.00000E+00    0.00000E+00    0.00000E+00    0.00000E+00    0.00000E+00    0.10000E+01    0.30000E+01    0.10000E+01    0.30000E+00    0.00000E+00    0.00000E+00    0.00000E+00    0.00000E+00    0.17260E+03    0.15000E+00    0.12145E+01
    0.10000E+01    0.13505E+04    0.13000E+03    0.29000E+01    0.85000E+00    0.00000E+00    0.00000E+00    0.00000E+00    0.00000E+00    0.00000E+00    0.00000E+00    0.00000E+00    0.10000E+01    0.30000E+01    0.10000E+01    0.30000E+00    0.00000E+00    0.00000E+00    0.00000E+00    0.00000E+00    0.17260E+03    0.15000E+00    0.12145E+01
    0.10000E+01    0.12463E+04    0.14000E+03    0.29000E+01    0.85000E+00    0.00000E+00    0.00000E+00    0.00000E+00    0.00000E+00    0.00000E+00    0.00000E+00    0.00000E+00    0.10000E+01    0.30000E+01    0.10000E+01    0.30000E+00    0.00000E+00    0.00000E+00    0.00000E+00    0.00000E+00    0.17260E+03    0.15000E+00    0.12145E+01
    0.10000E+01    0.11611E+04    0.15000E+03    0.29000E+01    0.85000E+00    0.00000E+00    0.00000E+00    0.00000E+00    0.00000E+00    0.00000E+00    0.00000E+00    0.00000E+00    0.10000E+01    0.30000E+01    0.10000E+01    0.30000E+00    0.00000E+00    0.00000E+00    0.00000E+00    0.00000E+00    0.17260E+03    0.15000E+00    0.12145E+01
    0.10000E+01    0.10875E+04    0.16000E+03    0.29000E+01    0.85000E+00    0.00000E+00    0.00000E+00    0.00000E+00    0.00000E+00    0.00000E+00    0.00000E+00    0.00000E+00    0.10000E+01    0.30000E+01    0.10000E+01    0.30000E+00    0.00000E+00    0.00000E+00    0.00000E+00    0.00000E+00    0.17260E+03    0.15000E+00    0.12145E+01
    0.10000E+01    0.10261E+04    0.17000E+03    0.29000E+01    0.85000E+00    0.00000E+00    0.00000E+00    0.00000E+00    0.00000E+00    0.00000E+00    0.00000E+00    0.00000E+00    0.10000E+01    0.30000E+01    0.10000E+01    0.30000E+00    0.00000E+00    0.00000E+00    0.00000E+00    0.00000E+00    0.17260E+03    0.15000E+00    0.12145E+01
    0.10000E+01    0.97493E+03    0.18000E+03    0.29000E+01    0.85000E+00    0.00000E+00    0.00000E+00    0.00000E+00    0.00000E+00    0.00000E+00    0.00000E+00    0.00000E+00    0.10000E+01    0.30000E+01    0.10000E+01    0.30000E+00    0.00000E+00    0.00000E+00    0.00000E+00    0.00000E+00    0.17260E+03    0.15000E+00    0.12145E+01
    0.10000E+01    0.93168E+03    0.19000E+03    0.29000E+01    0.85000E+00    0.00000E+00    0.00000E+00    0.00000E+00    0.00000E+00    0.00000E+00    0.00000E+00    0.00000E+00    0.10000E+01    0.30000E+01    0.10000E+01    0.30000E+00    0.00000E+00    0.00000E+00    0.00000E+00    0.00000E+00    0.17260E+03    0.15000E+00    0.12145E+01
    0.10000E+01    0.72700E+03    0.10000E+03    0.20000E+01    0.85000E+00    0.00000E+00    0.00000E+00    0.00000E+00    0.00000E+00    0.00000E+00    0.00000E+00    0.00000E+00    0.10000E+01    0.30000E+01    0.10000E+01    0.30000E+00    0.00000E+00    0.00000E+00    0.00000E+00    0.00000E+00    0.17260E+03    0.15000E+00    0.12145E+01
