#E				delta E			E^2dN/dE		flux error			model predicted
#(keV)      		(keV)        		(keV/cm^2/s)
#
1.03948617E+05	3.94861719E+03	3.75941657E-02	6.09857915E-03	2.95766648E-02
1.12157680E+05	4.26044531E+03	3.82244065E-02	5.57560287E-03	3.38496491E-02
1.21015031E+05	4.59690234E+03	5.18088453E-02	6.10573124E-03	3.88729721E-02
1.30571859E+05	4.95993359E+03	5.70104122E-02	6.14759093E-03	4.46050540E-02
1.40883438E+05	5.35163281E+03	5.63616306E-02	5.90830436E-03	5.06680831E-02
1.52009312E+05	5.77425781E+03	7.14576617E-02	6.46947278E-03	5.74398413E-02
1.64013844E+05	6.23026562E+03	7.37099722E-02	6.39146520E-03	6.49467856E-02
1.76966406E+05	6.72228906E+03	8.37251619E-02	6.57807011E-03	7.32169151E-02
1.90941844E+05	7.25315625E+03	9.63057652E-02	6.82693487E-03	8.30762237E-02
2.06020969E+05	7.82596094E+03	9.50095281E-02	6.65199710E-03	9.34714973E-02
2.22290906E+05	8.44399219E+03	1.25687927E-01	7.57926749E-03	1.04556061E-01
2.39845750E+05	9.11083594E+03	1.27157822E-01	7.57213775E-03	1.16725966E-01
2.58786906E+05	9.83033594E+03	1.34105176E-01	7.72969378E-03	1.29978746E-01
2.79223906E+05	1.06066562E+04	1.52255431E-01	8.17349926E-03	1.44187048E-01
3.01274875E+05	1.14442969E+04	1.63627297E-01	8.33921973E-03	1.60381541E-01
3.25067250E+05	1.23480781E+04	1.80537358E-01	8.51061288E-03	1.76556185E-01
3.50738562E+05	1.33232344E+04	1.92831144E-01	8.74699838E-03	1.93482324E-01
3.78437188E+05	1.43754062E+04	2.16291472E-01	9.32498742E-03	2.10752949E-01
4.08323250E+05	1.55106562E+04	2.25007236E-01	9.57694370E-03	2.27906317E-01
4.40569500E+05	1.67355781E+04	2.32644603E-01	9.79610439E-03	2.44155511E-01
4.75362281E+05	1.80572188E+04	2.56718099E-01	1.03183724E-02	2.57713407E-01
5.12902719E+05	1.94832188E+04	2.81971991E-01	1.08450772E-02	2.71060765E-01
5.53407812E+05	2.10218750E+04	2.87130952E-01	1.08758602E-02	2.85676777E-01
5.97111750E+05	2.26820312E+04	2.79021055E-01	1.05234785E-02	3.02362680E-01
6.44267000E+05	2.44732812E+04	3.25763196E-01	1.14816437E-02	3.21332783E-01
6.95146250E+05	2.64059688E+04	3.05830151E-01	1.13115367E-02	3.39387596E-01
7.50043625E+05	2.84913438E+04	3.66962701E-01	1.25867166E-02	3.57102007E-01
8.09276250E+05	3.07413438E+04	3.71527046E-01	1.28881298E-02	3.75042379E-01
8.73186688E+05	3.31690625E+04	3.86103392E-01	1.33857261E-02	3.92210633E-01
9.42144250E+05	3.57885000E+04	4.11259532E-01	1.39913335E-02	4.08583045E-01
1.01654756E+06	3.86148125E+04	4.23485786E-01	1.42595079E-02	4.24225539E-01
1.09682675E+06	4.16643125E+04	4.36646342E-01	1.48036974E-02	4.33443695E-01
1.18344562E+06	4.49546250E+04	4.10828978E-01	1.47956442E-02	4.44422096E-01
1.27690500E+06	4.85048125E+04	4.56220239E-01	1.60497725E-02	4.55429912E-01
1.37774525E+06	5.23353125E+04	4.66976494E-01	1.67097319E-02	4.64816988E-01
1.48654888E+06	5.64683750E+04	4.78648126E-01	1.74313374E-02	4.72165912E-01
1.60394512E+06	6.09278750E+04	4.27791655E-01	1.70031916E-02	4.76526111E-01
1.73061250E+06	6.57394375E+04	4.50271577E-01	1.78124681E-02	4.71756995E-01
1.86728288E+06	7.09310000E+04	4.79720533E-01	1.87014528E-02	4.72379923E-01
2.01474650E+06	7.65326250E+04	4.54108030E-01	1.88072324E-02	4.71602410E-01
2.17385575E+06	8.25765625E+04	4.75422978E-01	1.99658889E-02	4.68398124E-01
2.34553000E+06	8.90978750E+04	4.49883103E-01	2.01395340E-02	4.62131560E-01
2.53076200E+06	9.61340000E+04	4.77922648E-01	2.14810260E-02	4.49583322E-01
2.73062200E+06	1.03726125E+05	4.19209212E-01	2.07794290E-02	4.31689888E-01
2.94626575E+06	1.11917500E+05	4.11233276E-01	2.13214532E-02	4.18151677E-01
3.17893900E+06	1.20755875E+05	3.92913133E-01	2.14351695E-02	4.02767479E-01
3.42998725E+06	1.30292250E+05	4.22039747E-01	2.31276359E-02	3.85807544E-01
3.70086125E+06	1.40581750E+05	3.65554959E-01	2.25410853E-02	3.67291063E-01
3.99312700E+06	1.51683875E+05	3.27912778E-01	2.21582931E-02	3.39138359E-01
4.30847350E+06	1.63662625E+05	3.55637014E-01	2.40317229E-02	3.14877987E-01
4.64872350E+06	1.76587500E+05	2.95710325E-01	2.28827521E-02	2.93781191E-01
5.01584400E+06	1.90533000E+05	2.85270214E-01	2.34490670E-02	2.71586180E-01
5.41195700E+06	2.05579750E+05	2.54947364E-01	2.30818503E-02	2.48997822E-01
5.83935150E+06	2.21815000E+05	2.45287374E-01	2.33872347E-02	2.27079466E-01
6.30049850E+06	2.39332000E+05	1.99560687E-01	2.16453969E-02	1.96282431E-01
6.79806300E+06	2.58232750E+05	1.81575820E-01	2.15490852E-02	1.75605044E-01
7.33492200E+06	2.78626000E+05	1.90777406E-01	2.29669008E-02	1.56479195E-01
7.91417800E+06	3.00629750E+05	1.07270569E-01	1.78784281E-02	1.37890786E-01
8.53917900E+06	3.24371250E+05	1.51081532E-01	2.20375061E-02	1.19816661E-01
9.21353800E+06	3.49987500E+05	9.65251923E-02	1.82415470E-02	1.01403706E-01
9.94115200E+06	3.77627000E+05	9.44591463E-02	1.85249634E-02	8.30771104E-02
1.07262280E+07	4.07448500E+05	9.81997699E-02	1.96399540E-02	7.01248199E-02
1.15733020E+07	4.39626500E+05	8.10985193E-02	1.86052769E-02	5.83156273E-02
1.24872730E+07	4.74344000E+05	6.47665411E-02	1.73095874E-02	4.76307645E-02
1.34734220E+07	5.11804500E+05	5.02481647E-02	1.58898644E-02	3.79117951E-02
1.45374490E+07	5.52223000E+05	7.37444162E-02	1.97090227E-02	2.78564468E-02
1.56855050E+07	5.95833000E+05	1.11844130E-02	7.90857431E-03	2.01830398E-02
1.69242260E+07	6.42888000E+05	4.90117967E-02	1.73282865E-02	1.48863625E-02
1.82607720E+07	6.93657000E+05	3.30661759E-02	1.47876441E-02	1.03904139E-02
1.97028660E+07	7.48438000E+05	2.08787005E-02	1.20543232E-02	6.75821723E-03
2.12588480E+07	8.07543000E+05	1.42787527E-02	1.00966031E-02	4.08491679E-03
2.29377080E+07	8.71317000E+05	0.00000000E+00	7.09157158E-03	2.32752762E-03
2.47491520E+07	9.40127000E+05	2.33655944E-02	1.34901321E-02	1.54240045E-03
2.67036480E+07	1.01437100E+06	0.00000000E+00	9.00966488E-03	1.16252445E-03
2.88124980E+07	1.09447800E+06	0.00000000E+00	1.04353540E-02	8.89780582E-04
3.10878880E+07	1.18091100E+06	0.00000000E+00	1.18409898E-02	5.99223655E-04
3.35429680E+07	1.27417100E+06	0.00000000E+00	9.91651323E-03	2.20068468E-04
3.61919360E+07	1.37479600E+06	0.00000000E+00	2.36383145E-04	1.64832090E-06
