E_bin	 delta E      E^2dN/dE    flux error    model predicted
(keV)      (keV)        (keV/cm^2/s)

103948.617 3948.61719 0.0375941657 0.00609857915 0.0295766648
112157.68 4260.44531 0.0382244065 0.00557560287 0.0338496491
121015.031 4596.90234 0.0518088453 0.00610573124 0.0388729721
130571.859 4959.93359 0.0570104122 0.00614759093 0.044605054
140883.438 5351.63281 0.0563616306 0.00590830436 0.0506680831
152009.312 5774.25781 0.0714576617 0.00646947278 0.0574398413
164013.844 6230.26562 0.0737099722 0.0063914652 0.0649467856
176966.406 6722.28906 0.0837251619 0.00657807011 0.0732169151
190941.844 7253.15625 0.0963057652 0.00682693487 0.0830762237
206020.969 7825.96094 0.0950095281 0.0066519971 0.0934714973
222290.906 8443.99219 0.125687927 0.00757926749 0.104556061
239845.75 9110.83594 0.127157822 0.00757213775 0.116725966
258786.906 9830.33594 0.134105176 0.00772969378 0.129978746
279223.906 10606.6562 0.152255431 0.00817349926 0.144187048
301274.875 11444.2969 0.163627297 0.00833921973 0.160381541
325067.25 12348.0781 0.180537358 0.00851061288 0.176556185
350738.562 13323.2344 0.192831144 0.00874699838 0.193482324
378437.188 14375.4062 0.216291472 0.00932498742 0.210752949
408323.25 15510.6562 0.225007236 0.0095769437 0.227906317
440569.5 16735.5781 0.232644603 0.00979610439 0.244155511
475362.281 18057.2188 0.256718099 0.0103183724 0.257713407
512902.719 19483.2188 0.281971991 0.0108450772 0.271060765
553407.812 21021.875 0.287130952 0.0108758602 0.285676777
597111.75 22682.0312 0.279021055 0.0105234785 0.30236268
644267 24473.2812 0.325763196 0.0114816437 0.321332783
695146.25 26405.9688 0.305830151 0.0113115367 0.339387596
750043.625 28491.3438 0.366962701 0.0125867166 0.357102007
809276.25 30741.3438 0.371527046 0.0128881298 0.375042379
873186.688 33169.0625 0.386103392 0.0133857261 0.392210633
942144.25 35788.5 0.411259532 0.0139913335 0.408583045
1016547.56 38614.8125 0.423485786 0.0142595079 0.424225539
1096826.75 41664.3125 0.436646342 0.0148036974 0.433443695
1183445.62 44954.625 0.410828978 0.0147956442 0.444422096
1276905 48504.8125 0.456220239 0.0160497725 0.455429912
1377745.25 52335.3125 0.466976494 0.0167097319 0.464816988
1486548.88 56468.375 0.478648126 0.0174313374 0.472165912
1603945.12 60927.875 0.427791655 0.0170031916 0.476526111
1730612.5 65739.4375 0.450271577 0.0178124681 0.471756995
1867282.88 70931 0.479720533 0.0187014528 0.472379923
2014746.5 76532.625 0.45410803 0.0188072324 0.47160241
2173855.75 82576.5625 0.475422978 0.0199658889 0.468398124
2345530 89097.875 0.449883103 0.020139534 0.46213156
2530762 96134 0.477922648 0.021481026 0.449583322
2730622 103726.125 0.419209212 0.020779429 0.431689888
2946265.75 111917.5 0.411233276 0.0213214532 0.418151677
3178939 120755.875 0.392913133 0.0214351695 0.402767479
3429987.25 130292.25 0.422039747 0.0231276359 0.385807544
3700861.25 140581.75 0.365554959 0.0225410853 0.367291063
3993127 151683.875 0.327912778 0.0221582931 0.339138359
4308473.5 163662.625 0.355637014 0.0240317229 0.314877987
4648723.5 176587.5 0.295710325 0.0228827521 0.293781191
5015844 190533 0.285270214 0.023449067 0.27158618
5411957 205579.75 0.254947364 0.0230818503 0.248997822
5839351.5 221815 0.245287374 0.0233872347 0.227079466
6300498.5 239332 0.199560687 0.0216453969 0.196282431
6798063 258232.75 0.18157582 0.0215490852 0.175605044
7334922 278626 0.190777406 0.0229669008 0.156479195
7914178 300629.75 0.107270569 0.0178784281 0.137890786
8539179 324371.25 0.151081532 0.0220375061 0.119816661
9213538 349987.5 0.0965251923 0.018241547 0.101403706
9941152 377627 0.0944591463 0.0185249634 0.0830771104
10726228 407448.5 0.0981997699 0.019639954 0.0701248199
11573302 439626.5 0.0810985193 0.0186052769 0.0583156273
12487273 474344 0.0647665411 0.0173095874 0.0476307645
13473422 511804.5 0.0502481647 0.0158898644 0.0379117951
14537449 552223 0.0737444162 0.0197090227 0.0278564468
15685505 595833 0.011184413 0.00790857431 0.0201830398
16924226 642888 0.0490117967 0.0173282865 0.0148863625
18260772 693657 0.0330661759 0.0147876441 0.0103904139
19702866 748438 0.0208787005 0.0120543232 0.00675821723
21258848 807543 0.0142787527 0.0100966031 0.00408491679
22937708 871317 0 0.00709157158 0.00232752762
24749152 940127 0.0233655944 0.0134901321 0.00154240045
26703648 1014371 0 0.00900966488 0.00116252445
28812498 1094478 0 0.010435354 0.000889780582
31087888 1180911 0 0.0118409898 0.000599223655
33542968 1274171 0 0.00991651323 0.000220068468
36191936 1374796 0 0.000236383145 1.6483209E-6
